/*--------------------------------*- C++ -*----------------------------------*\
| =========                 |                                                 |
| \\      /  F ield         | foam-extend: Open Source CFD                    |
|  \\    /   O peration     | Version:     4.0                                |
|   \\  /    A nd           | Web:         http://www.foam-extend.org         |
|    \\/     M anipulation  |                                                 |
\*---------------------------------------------------------------------------*/
FoamFile
{
    version     2.0;
    format      ascii;
    class       volSymmTensorField;
    location    "1";
    object      epsilon;
}
// * * * * * * * * * * * * * * * * * * * * * * * * * * * * * * * * * * * * * //

dimensions      [0 0 0 0 0 0 0];

internalField   nonuniform List<symmTensor> 
640
(
(-0.000459027 -3.20212e-05 -1.23905e-19 0.00017917 -1.12872e-19 -4.01004e-33)
(-0.000443101 -2.08034e-06 -1.76339e-18 0.000184413 -4.09479e-19 -7.27379e-33)
(-0.000447888 -1.11075e-06 9.30711e-19 0.00018513 -1.05373e-18 1.8718e-32)
(-0.000438754 -1.99763e-06 1.20099e-17 0.000181639 3.02947e-18 -1.34535e-31)
(-0.000434997 -1.90615e-06 -9.30549e-18 0.000179945 4.89038e-19 1.73741e-32)
(-0.000428642 -2.07954e-06 -8.13361e-18 0.000177311 -3.51797e-18 -6.24917e-32)
(-0.000423186 -2.06154e-06 7.31116e-18 0.000175047 3.88682e-19 -6.90437e-33)
(-0.000417334 -2.08335e-06 -8.37752e-18 0.000172623 -3.83301e-19 -6.80879e-33)
(-0.000411625 -2.07962e-06 9.42936e-18 0.000170262 3.78057e-19 -6.71564e-33)
(-0.000405853 -2.08231e-06 -1.04666e-17 0.000167874 -3.72756e-19 -6.62146e-33)
(-0.000400113 -2.0817e-06 9.26816e-18 0.000165499 -6.82485e-18 1.21234e-31)
(-0.000394343 -2.08254e-06 1.87459e-17 0.000163114 5.43278e-19 -1.44758e-32)
(-0.000388615 -2.08382e-06 1.56479e-17 0.000160742 8.80018e-18 -1.56322e-31)
(-0.000382799 -2.09037e-06 -1.36196e-17 0.00015834 3.27046e-18 5.8095e-32)
(-0.000377101 -2.10066e-06 6.87945e-18 0.000155966 -3.6899e-18 3.27729e-32)
(-0.000371115 -2.16523e-06 8.24041e-19 0.000153527 4.10058e-18 -6.33689e-46)
(-0.000365103 -2.19898e-06 -3.30099e-17 0.000150891 7.9975e-18 2.84128e-31)
(-0.000359284 -2.28683e-06 -1.98231e-17 0.000148823 -9.4544e-18 -1.67944e-31)
(-0.000351724 -3.00974e-06 -1.91294e-17 0.000146069 -3.24339e-19 -5.76141e-33)
(-0.000346161 -1.89813e-06 -9.24943e-18 0.000142923 4.85457e-18 4.31172e-32)
(-0.000341402 -2.1113e-06 -2.27419e-18 0.00014105 -1.56923e-17 1.11629e-44)
(-0.000335579 -1.99876e-06 4.09161e-17 0.000138801 -1.84409e-17 6.55153e-31)
(-0.000330295 -2.05269e-06 7.98595e-17 0.000136604 6.71805e-18 -4.17678e-31)
(-0.000324445 -2.0713e-06 3.69581e-17 0.000134201 1.51073e-17 -4.02538e-31)
(-0.000318793 -2.07757e-06 7.07863e-19 0.000131861 6.06821e-18 3.73982e-48)
(-0.000313012 -2.08143e-06 -6.95025e-19 0.000129472 -6.26862e-18 9.08926e-46)
(-0.000307279 -2.0818e-06 6.22197e-17 0.0001271 -2.19233e-17 9.73591e-31)
(-0.000301521 -2.08211e-06 9.38239e-17 0.000124719 7.62778e-18 -4.74237e-31)
(-0.000295775 -2.08207e-06 2.83585e-17 0.000122342 1.05436e-17 -1.87292e-31)
(-0.000290023 -2.08207e-06 5.62334e-17 0.000119963 5.32743e-19 -1.89268e-32)
(-0.000284274 -2.08206e-06 4.38993e-17 0.000117585 7.60761e-18 -2.02707e-31)
(-0.000278524 -2.08206e-06 2.8941e-17 0.000115207 -7.13869e-18 1.26808e-31)
(-0.000272775 -2.08205e-06 3.0259e-17 0.000112828 2.5053e-19 -4.45029e-33)
(-0.000267025 -2.08204e-06 4.64159e-17 0.00011045 3.67874e-19 -9.80211e-33)
(-0.000261276 -2.08205e-06 6.38086e-17 0.000108072 8.38813e-18 -2.98006e-31)
(-0.000255527 -2.08207e-06 4.95398e-17 0.000105694 1.64963e-17 -4.39549e-31)
(-0.000249779 -2.0821e-06 -1.38655e-18 0.000103316 -2.0581e-17 1.01869e-44)
(-0.00024403 -2.08212e-06 1.6227e-17 0.000100939 -8.27699e-18 7.35143e-32)
(-0.000238281 -2.08213e-06 5.14891e-17 9.85608e-05 4.5993e-18 -1.2255e-31)
(-0.000232533 -2.08214e-06 3.34562e-17 9.6183e-05 -2.15149e-17 3.82181e-31)
(-0.000226784 -2.08218e-06 1.23403e-16 9.38053e-05 -3.68953e-18 2.29387e-31)
(-0.000221036 -2.08222e-06 5.38471e-17 9.14276e-05 3.04516e-19 -8.1139e-33)
(-0.000215288 -2.08226e-06 1.28298e-16 8.90499e-05 1.43684e-17 -8.93317e-31)
(-0.000209539 -2.08228e-06 3.76886e-17 8.66722e-05 1.40709e-17 -2.49949e-31)
(-0.000203791 -2.0823e-06 -1.13127e-18 8.42945e-05 -2.34586e-17 3.25598e-44)
(-0.000198043 -2.08231e-06 1.521e-16 8.19169e-05 7.27569e-19 -5.16967e-32)
(-0.000192295 -2.08232e-06 9.63008e-17 7.95393e-05 4.41532e-19 -1.96079e-32)
(-0.000186547 -2.08231e-06 1.36918e-16 7.71618e-05 1.03546e-17 -6.43767e-31)
(-0.000180799 -2.0823e-06 6.02182e-19 7.47844e-05 1.48071e-17 3.50422e-45)
(-0.000175052 -2.08228e-06 -9.71732e-19 7.2407e-05 -2.49607e-17 1.98673e-44)
(-0.000169304 -2.08228e-06 1.41244e-16 7.00298e-05 5.44242e-19 -3.38368e-32)
(-0.000163557 -2.08231e-06 4.07779e-17 6.76526e-05 1.50219e-19 -2.66842e-33)
(-0.00015781 -2.08234e-06 1.445e-16 6.52753e-05 1.08083e-17 -6.71981e-31)
(-0.000152063 -2.08236e-06 6.28748e-17 6.28981e-05 1.58085e-17 -4.21223e-31)
(-0.000146316 -2.08236e-06 -8.12215e-19 6.05209e-05 -2.6235e-17 2.05908e-44)
(-0.000140569 -2.08234e-06 1.48437e-16 5.81438e-05 1.10369e-17 -6.86188e-31)
(-0.000134822 -2.08234e-06 -4.0351e-32 5.57668e-05 -7.12876e-31 -6.04097e-60)
(-0.000129075 -2.08237e-06 1.5052e-16 5.33897e-05 4.14922e-19 -2.57967e-32)
(-0.000123329 -2.08236e-06 -5.29991e-32 5.10127e-05 -1.20504e-30 -1.11399e-59)
(-0.000117582 -2.08235e-06 6.54475e-17 4.86358e-05 1.6199e-19 -4.31627e-33)
(-0.000111836 -2.08239e-06 3.72487e-19 4.62588e-05 1.6478e-17 1.56341e-44)
(-0.000106089 -2.08239e-06 -2.35565e-19 4.38819e-05 -1.10544e-17 3.47113e-46)
(-0.000100343 -2.08236e-06 4.45612e-19 4.15051e-05 2.22399e-17 1.05402e-44)
(-9.45966e-05 -2.08239e-06 -4.47085e-17 3.91282e-05 -8.68822e-20 -1.54333e-33)
(-8.88504e-05 -2.0824e-06 -3.94575e-19 3.67514e-05 -2.24799e-17 -7.10726e-45)
(-8.31042e-05 -2.0824e-06 4.5344e-17 3.43746e-05 1.13708e-17 -2.01986e-31)
(-7.73582e-05 -2.08239e-06 4.51054e-17 3.19978e-05 -1.69471e-17 3.0104e-31)
(-7.16119e-05 -2.0824e-06 1.82367e-16 2.9621e-05 1.16557e-17 -8.2819e-31)
(-6.58663e-05 -2.08245e-06 2.19379e-19 2.72444e-05 1.71544e-17 -2.57585e-44)
(-6.01192e-05 -2.08245e-06 -2.66983e-19 2.48673e-05 -2.29525e-17 1.416e-44)
(-5.43754e-05 -2.08265e-06 4.60317e-17 2.24913e-05 4.99407e-20 -8.87126e-34)
(-4.8623e-05 -2.08301e-06 9.22708e-17 2.01121e-05 -5.6833e-18 2.01911e-31)
(-4.2884e-05 -2.08387e-06 6.96082e-17 1.77368e-05 2.32076e-17 -6.18373e-31)
(-3.71089e-05 -2.08657e-06 -4.638e-17 1.53488e-05 -3.40811e-20 -6.05403e-34)
(-3.13686e-05 -2.07673e-06 2.29896e-17 1.29617e-05 -4.06603e-17 3.61135e-31)
(-2.55749e-05 -2.07828e-06 1.63028e-16 1.05593e-05 2.91804e-17 -1.81421e-30)
(-1.98319e-05 -1.98204e-06 -4.6598e-17 8.21653e-06 -1.82445e-20 -3.24082e-34)
(-1.43571e-05 -1.92647e-06 1.16573e-16 5.91258e-06 -1.1632e-17 5.16564e-31)
(-9.03451e-06 -1.99328e-06 3.00909e-20 3.68576e-06 1.75099e-17 1.04257e-44)
(-3.70172e-06 -2.98683e-06 -2.33527e-17 2.30249e-06 1.16799e-17 6.34929e-35)
(-0.000315941 -3.31892e-05 7.01531e-19 0.000122151 4.93764e-19 0)
(-0.000324145 -3.90178e-06 1.29811e-18 0.000141491 -1.3883e-18 0)
(-0.000320552 -4.93346e-06 1.82222e-18 0.000140609 -1.57584e-18 0)
(-0.000314404 -5.90118e-06 6.98117e-19 0.000138445 2.02386e-18 0)
(-0.000310882 -5.57436e-06 1.70495e-17 0.000136736 8.26847e-18 0)
(-0.000306252 -5.90779e-06 1.17226e-17 0.000134691 -1.93059e-18 0)
(-0.000302297 -5.82917e-06 -9.84277e-33 0.000132936 -3.28863e-32 0)
(-0.000298099 -5.88072e-06 -8.34891e-18 0.000131086 -5.82138e-19 0)
(-0.000294019 -5.86601e-06 -3.78042e-33 0.000129291 2.05817e-32 0)
(-0.000289894 -5.8732e-06 1.0438e-17 0.000127476 5.66109e-19 0)
(-0.000285795 -5.87108e-06 -9.80718e-33 0.000125673 -8.89613e-32 0)
(-0.000281672 -5.87387e-06 -5.61092e-17 0.000123862 -2.47527e-18 0)
(-0.000277587 -5.87688e-06 1.4032e-32 0.000122066 1.79951e-31 0)
(-0.000273434 -5.90395e-06 1.41373e-17 0.000120251 -3.0893e-18 0)
(-0.000269419 -5.90562e-06 3.85122e-17 0.000118499 1.3156e-18 0)
(-0.000265213 -6.21129e-06 1.7236e-17 0.00011669 1.28241e-17 0)
(-0.000261328 -5.87082e-06 5.12833e-17 0.00011513 -7.13615e-18 0)
(-0.000257585 -7.61592e-06 3.69411e-17 0.000113085 1.01305e-17 0)
(-0.000249717 -5.00402e-06 -2.77241e-19 0.000109042 -4.79074e-18 0)
(-0.00024579 -3.83461e-06 3.89588e-17 0.000108056 -1.90995e-17 0)
(-0.00024429 -5.5174e-06 5.24667e-17 0.000107606 6.42647e-18 0)
(-0.000239673 -5.47343e-06 0 0.000105453 0 0)
(-0.000235982 -5.75859e-06 -2.28414e-17 0.0001038 -6.11862e-18 0)
(-0.000231745 -5.82687e-06 3.56292e-17 0.000101921 1.24097e-17 0)
(-0.000227714 -5.85373e-06 2.44787e-17 0.000100137 6.51416e-18 0)
(-0.000223577 -5.86689e-06 2.42828e-17 9.83166e-05 -1.83731e-17 0)
(-0.000219485 -5.86832e-06 1.29073e-17 9.65148e-05 2.14306e-19 0)
(-0.000215371 -5.86967e-06 -3.96414e-17 9.47062e-05 6.02891e-18 0)
(-0.000211267 -5.86943e-06 4.10173e-17 9.29011e-05 6.18846e-19 0)
(-0.000207158 -5.86946e-06 -2.83181e-17 9.10946e-05 -7.43961e-18 0)
(-0.000203052 -5.86934e-06 -2.88168e-17 8.92888e-05 -3.96522e-19 0)
(-0.000198945 -5.86925e-06 4.4959e-17 8.74827e-05 2.27701e-17 0)
(-0.000194838 -5.8691e-06 -3.04468e-17 8.56769e-05 -7.95113e-18 0)
(-0.000190732 -5.86895e-06 3.04919e-17 8.38711e-05 -1.51113e-17 0)
(-0.000186625 -5.86883e-06 1.53785e-17 8.20654e-05 -1.56367e-17 0)
(-0.000182519 -5.86879e-06 4.85105e-31 8.02596e-05 9.29016e-30 0)
(-0.000178412 -5.86878e-06 8.3593e-17 7.84539e-05 5.85068e-17 0)
(-0.000174306 -5.86874e-06 -8.39664e-17 7.66483e-05 -9.24129e-18 0)
(-0.0001702 -5.86867e-06 5.08038e-17 7.48427e-05 -1.65881e-17 0)
(-0.000166094 -5.86859e-06 1.84401e-19 7.30371e-05 8.69266e-18 0)
(-0.000161988 -5.86857e-06 -3.53013e-17 7.12316e-05 -3.16332e-19 0)
(-0.000157882 -5.86861e-06 -5.38043e-17 6.9426e-05 -4.6247e-19 0)
(-0.000153776 -5.86865e-06 -1.27823e-16 6.76205e-05 -1.92887e-17 0)
(-0.00014967 -5.86866e-06 -3.62975e-17 6.5815e-05 3.6722e-17 0)
(-0.000145564 -5.86861e-06 -3.76483e-17 6.40095e-05 -9.66895e-18 0)
(-0.000141458 -5.86853e-06 -5.778e-17 6.22041e-05 -4.79752e-17 0)
(-0.000137353 -5.86844e-06 1.52492e-19 6.03986e-05 9.63598e-18 0)
(-0.000133247 -5.86832e-06 -9.69874e-17 5.85932e-05 2.86179e-17 0)
(-0.000129142 -5.86818e-06 4.00121e-17 5.67879e-05 3.97429e-17 0)
(-0.000125036 -5.86802e-06 -2.77637e-19 5.49827e-05 -1.99711e-17 0)
(-0.000120931 -5.86795e-06 -6.07591e-17 5.31775e-05 -2.05438e-17 0)
(-0.000116826 -5.86796e-06 -4.07494e-17 5.13724e-05 -2.28139e-19 0)
(-0.000112721 -5.86799e-06 -1.03268e-16 4.95672e-05 -3.14573e-17 0)
(-0.000108616 -5.86799e-06 4.82351e-19 4.7762e-05 4.16024e-17 0)
(-0.000104511 -5.86791e-06 -4.18129e-17 4.59569e-05 1.02912e-17 0)
(-0.000100406 -5.86775e-06 -6.36623e-17 4.41518e-05 -2.14666e-17 0)
(-9.6301e-05 -5.86767e-06 -1.94704e-32 4.23468e-05 -7.6225e-31 0)
(-9.21962e-05 -5.86766e-06 -6.44658e-17 4.05418e-05 -2.70063e-19 0)
(-8.80915e-05 -5.86762e-06 -8.62037e-17 3.87368e-05 4.30055e-17 0)
(-8.39869e-05 -5.86759e-06 -4.36031e-17 3.69318e-05 -1.6401e-19 0)
(-7.98823e-05 -5.86759e-06 6.58413e-17 3.51269e-05 2.33992e-19 0)
(-7.57776e-05 -5.86746e-06 -4.40025e-17 3.3322e-05 2.19634e-17 0)
(-7.16732e-05 -5.86743e-06 2.20572e-17 3.15171e-05 -2.21724e-17 0)
(-6.75687e-05 -5.86744e-06 8.936e-17 2.97123e-05 2.63898e-19 0)
(-6.34643e-05 -5.86739e-06 -8.98256e-17 2.79074e-05 -2.47867e-19 0)
(-5.93599e-05 -5.86739e-06 -2.63611e-19 2.61025e-05 -4.51831e-17 0)
(-5.52556e-05 -5.86732e-06 -1.84038e-19 2.42977e-05 -3.404e-17 0)
(-5.11511e-05 -5.86732e-06 -1.13809e-16 2.24929e-05 -2.49721e-19 0)
(-4.70472e-05 -5.86741e-06 4.59592e-17 2.06883e-05 5.72795e-17 0)
(-4.29419e-05 -5.86745e-06 -4.57625e-17 1.88832e-05 2.28711e-17 0)
(-3.88397e-05 -5.8682e-06 2.28291e-17 1.70793e-05 -4.60173e-17 0)
(-3.47303e-05 -5.87002e-06 -9.22677e-17 1.5273e-05 -1.35652e-19 0)
(-3.06342e-05 -5.87382e-06 6.80216e-20 1.34727e-05 2.3151e-17 0)
(-2.65023e-05 -5.89316e-06 4.64102e-17 1.16574e-05 2.32536e-17 0)
(-2.24237e-05 -5.88406e-06 -6.9707e-17 9.87133e-06 -2.3311e-17 0)
(-1.81438e-05 -5.99617e-06 -1.62822e-16 7.9659e-06 -2.3405e-17 0)
(-1.39402e-05 -5.86511e-06 4.65994e-17 6.07172e-06 2.33373e-17 0)
(-1.00089e-05 -5.56723e-06 -6.99221e-17 4.35665e-06 -2.90212e-20 0)
(-5.54106e-06 -5.79213e-06 -4.66199e-17 2.60113e-06 4.66844e-17 0)
(-2.08905e-06 -5.70553e-06 -4.63864e-21 2.51689e-06 -4.67171e-17 8.23981e-35)
(-0.000186398 -2.48265e-05 5.59694e-19 6.35752e-05 2.8233e-19 0)
(-0.000195727 -4.66829e-06 -4.34601e-19 8.06207e-05 -8.70441e-19 0)
(-0.000192689 -8.8531e-06 -2.85773e-18 8.02991e-05 -3.566e-19 0)
(-0.000189025 -8.50977e-06 -1.39137e-17 7.93232e-05 -1.23293e-18 0)
(-0.000186623 -8.02279e-06 7.22016e-18 7.80631e-05 -2.06047e-18 0)
(-0.00018378 -8.23357e-06 -5.77576e-18 7.68537e-05 2.78718e-18 0)
(-0.000181388 -8.0976e-06 4.84106e-18 7.58215e-05 1.11746e-17 0)
(-0.000178858 -8.14818e-06 8.33174e-18 7.47582e-05 3.31993e-19 0)
(-0.000176412 -8.12431e-06 -7.83425e-19 7.37328e-05 -9.45585e-18 0)
(-0.000173934 -8.13286e-06 1.56313e-17 7.2697e-05 4.8426e-19 0)
(-0.000171478 -8.12928e-06 1.83076e-17 7.16698e-05 1.7751e-17 0)
(-0.000169001 -8.13044e-06 1.86774e-17 7.0637e-05 4.70537e-19 0)
(-0.00016657 -8.1306e-06 -1.10958e-18 6.96212e-05 -2.02758e-17 0)
(-0.000164062 -8.13278e-06 1.38774e-17 6.85858e-05 -1.05675e-17 0)
(-0.000161847 -8.10535e-06 -8.05344e-18 6.76764e-05 -7.88033e-18 0)
(-0.000159114 -8.12501e-06 2.46831e-17 6.65685e-05 4.54588e-18 0)
(-0.000158852 -7.70087e-06 3.52722e-19 6.64669e-05 8.67159e-18 0)
(-0.000153169 -7.70204e-06 3.40102e-19 6.38295e-05 9.1307e-18 0)
(-0.000171257 -1.26455e-05 3.21609e-17 7.36373e-05 -1.10234e-17 0)
(-0.000148037 -7.93723e-06 -4.93064e-19 6.16723e-05 -1.50421e-17 0)
(-0.000148802 -7.6237e-06 1.01002e-17 6.23131e-05 -1.03261e-17 0)
(-0.000144036 -8.02554e-06 -2.1717e-17 6.03258e-05 -2.679e-19 0)
(-0.000141825 -8.02208e-06 -4.5282e-17 5.93342e-05 -6.18537e-18 0)
(-0.000139074 -8.11066e-06 -1.15419e-17 5.8156e-05 5.73701e-18 0)
(-0.000136652 -8.11199e-06 2.46639e-17 5.71214e-05 1.84643e-17 0)
(-0.000134145 -8.12655e-06 1.23562e-17 5.60709e-05 -6.14613e-18 0)
(-0.000131692 -8.12571e-06 -1.31911e-17 5.50415e-05 -1.3057e-17 0)
(-0.000129221 -8.12735e-06 3.68731e-33 5.40088e-05 3.32855e-35 0)
(-0.000126759 -8.12684e-06 2.81462e-19 5.29794e-05 1.37e-17 0)
(-0.000124294 -8.12691e-06 6.89968e-19 5.1949e-05 3.5179e-17 0)
(-0.00012183 -8.12673e-06 -4.05776e-19 5.09193e-05 -2.16539e-17 0)
(-0.000119366 -8.12659e-06 -2.65045e-19 4.98893e-05 -1.4793e-17 0)
(-0.000116902 -8.12637e-06 1.29787e-19 4.88596e-05 7.57138e-18 0)
(-0.000114438 -8.12614e-06 -3.81154e-19 4.78297e-05 -2.32278e-17 0)
(-0.000111974 -8.12596e-06 -3.10713e-17 4.68e-05 3.14329e-17 0)
(-0.00010951 -8.12586e-06 -8.05608e-17 4.57702e-05 -5.08151e-19 0)
(-0.000107046 -8.12582e-06 -6.06632e-32 4.47404e-05 -1.57412e-30 0)
(-0.000104583 -8.12575e-06 3.3492e-17 4.37107e-05 1.94114e-19 0)
(-0.000102119 -8.12563e-06 -4.53499e-19 4.2681e-05 -3.41762e-17 0)
(-9.96554e-05 -8.1255e-06 3.47014e-17 4.16514e-05 1.84969e-19 0)
(-9.71918e-05 -8.12545e-06 -7.03526e-17 4.06217e-05 1.73174e-17 0)
(-9.47282e-05 -8.12547e-06 -3.53266e-17 3.9592e-05 4.47299e-17 0)
(-9.22646e-05 -8.12552e-06 -7.26072e-17 3.85623e-05 1.78966e-17 0)
(-8.98011e-05 -8.12551e-06 -3.71445e-17 3.75327e-05 -1.86753e-17 0)
(-8.73376e-05 -8.12542e-06 -3.78574e-17 3.65031e-05 -3.77038e-17 0)
(-8.48742e-05 -8.1253e-06 -9.51369e-17 3.54735e-05 -1.94196e-17 0)
(-8.24108e-05 -8.12515e-06 -5.7529e-17 3.44439e-05 1.9044e-17 0)
(-7.99474e-05 -8.12496e-06 -1.16866e-16 3.34143e-05 -4.45168e-19 0)
(-7.74842e-05 -8.12474e-06 -3.95935e-17 3.23848e-05 -1.98906e-17 0)
(-7.5021e-05 -8.12452e-06 -3.9873e-17 3.13553e-05 -1.39246e-19 0)
(-7.2558e-05 -8.12441e-06 -8.04587e-17 3.03259e-05 1.99217e-17 0)
(-7.00949e-05 -8.12439e-06 -4.05766e-17 2.92964e-05 2.02721e-17 0)
(-6.76318e-05 -8.1244e-06 -1.2342e-16 2.82669e-05 -3.76591e-19 0)
(-6.51688e-05 -8.12439e-06 -1.03833e-16 2.72375e-05 -3.02397e-19 0)
(-6.27058e-05 -8.12426e-06 -1.39235e-19 2.62081e-05 -2.0992e-17 0)
(-6.02428e-05 -8.12405e-06 -4.22758e-17 2.51787e-05 -1.11816e-19 0)
(-5.778e-05 -8.1239e-06 -4.26252e-17 2.41494e-05 -1.07245e-19 0)
(-5.53172e-05 -8.12386e-06 -4.27144e-17 2.312e-05 4.29296e-17 0)
(-5.28543e-05 -8.12382e-06 -4.3339e-17 2.20907e-05 -1.09362e-17 0)
(-5.03916e-05 -8.12377e-06 -3.91621e-19 2.10613e-05 -7.64018e-17 0)
(-4.79289e-05 -8.12372e-06 1.59635e-19 2.00321e-05 3.2962e-17 0)
(-4.54661e-05 -8.12355e-06 -4.41536e-17 1.90027e-05 -8.43889e-20 0)
(-4.30034e-05 -8.12352e-06 -4.4511e-17 1.79734e-05 -2.23237e-17 0)
(-4.05408e-05 -8.12351e-06 -4.44379e-17 1.69442e-05 5.58436e-17 0)
(-3.80782e-05 -8.12343e-06 7.95529e-33 1.59149e-05 -1.19816e-30 0)
(-3.56155e-05 -8.12341e-06 -4.51929e-17 1.48856e-05 -2.26591e-17 0)
(-3.3153e-05 -8.12332e-06 -9.05613e-17 1.38564e-05 2.25717e-17 0)
(-3.06903e-05 -8.12329e-06 -1.13766e-16 1.28272e-05 -1.42411e-19 0)
(-2.82283e-05 -8.12339e-06 -1.37043e-16 1.17982e-05 -1.57183e-19 0)
(-2.57649e-05 -8.12328e-06 -8.58143e-20 1.07688e-05 -3.44347e-17 0)
(-2.33052e-05 -8.1241e-06 -4.59343e-17 9.7409e-06 2.29858e-17 0)
(-2.08396e-05 -8.1243e-06 -9.22335e-17 8.71183e-06 -7.73766e-20 0)
(-1.83965e-05 -8.12968e-06 -9.25065e-17 7.69216e-06 -2.32208e-17 0)
(-1.59148e-05 -8.13089e-06 -4.62813e-17 6.65865e-06 3.47753e-17 0)
(-1.36073e-05 -8.15614e-06 4.64512e-17 5.69086e-06 2.3272e-17 0)
(-1.09019e-05 -8.14426e-06 -9.29868e-17 4.53103e-06 -4.02436e-20 0)
(-9.82962e-06 -7.90298e-06 -9.33522e-18 4.16562e-06 -2.79729e-17 0)
(-5.79536e-06 -8.21643e-06 1.28683e-20 2.33996e-06 2.33335e-17 0)
(-3.21919e-06 -8.41014e-06 -9.32448e-17 1.40186e-06 -1.24511e-20 0)
(-1.10699e-06 -7.47543e-06 4.66343e-17 1.67519e-06 1.48787e-20 1.68305e-43)
(-6.1588e-05 -1.64743e-05 -1.31556e-18 2.22302e-05 -8.64793e-19 0)
(-6.54095e-05 -5.02183e-06 -1.82683e-18 2.85911e-05 -9.90069e-19 0)
(-6.43048e-05 -1.08218e-05 1.7058e-18 2.88432e-05 3.00061e-18 0)
(-6.31065e-05 -9.95901e-06 9.70037e-18 2.84968e-05 -2.72313e-18 0)
(-6.22286e-05 -9.34549e-06 -1.92457e-33 2.80576e-05 6.1352e-33 0)
(-6.12726e-05 -9.48293e-06 2.34348e-32 2.76204e-05 3.49009e-32 0)
(-6.04639e-05 -9.30863e-06 1.06162e-17 2.72491e-05 -7.15763e-18 0)
(-5.96184e-05 -9.35717e-06 6.61898e-20 2.68663e-05 2.10145e-18 0)
(-5.88024e-05 -9.32743e-06 9.30936e-18 2.64979e-05 -2.2467e-18 0)
(-5.79746e-05 -9.33649e-06 1.02188e-17 2.61253e-05 -7.75506e-18 0)
(-5.7159e-05 -9.33213e-06 1.65777e-31 2.5757e-05 5.19157e-31 0)
(-5.63263e-05 -9.33122e-06 4.99578e-17 2.53848e-05 9.84499e-18 0)
(-5.55289e-05 -9.33183e-06 6.16495e-20 2.50242e-05 3.37972e-18 0)
(-5.46581e-05 -9.30758e-06 3.60374e-17 2.46419e-05 2.7358e-19 0)
(-5.39487e-05 -9.3049e-06 -2.31287e-17 2.43275e-05 -4.02751e-18 0)
(-5.27953e-05 -9.02492e-06 8.28243e-18 2.38033e-05 8.25813e-18 0)
(-5.24326e-05 -9.10867e-06 8.6908e-18 2.3689e-05 4.38912e-18 0)
(-4.9027e-05 -7.15092e-06 1.80968e-17 2.20064e-05 -9.03687e-18 0)
(-4.78792e-05 -8.68697e-06 -5.31566e-20 2.09896e-05 -4.79194e-18 0)
(-5.05575e-05 -1.13112e-05 -5.61301e-20 2.26177e-05 -5.01286e-18 0)
(-4.93624e-05 -9.31926e-06 -1.02593e-17 2.24374e-05 1.56478e-17 0)
(-4.8145e-05 -9.63085e-06 2.67258e-19 2.18308e-05 2.72388e-17 0)
(-4.73334e-05 -9.30977e-06 -1.13815e-17 2.13894e-05 -1.13652e-17 0)
(-4.63662e-05 -9.35715e-06 -2.05907e-19 2.09279e-05 -2.34664e-17 0)
(-4.5563e-05 -9.32351e-06 -5.05851e-20 2.05406e-05 -6.07063e-18 0)
(-4.4711e-05 -9.33298e-06 2.50013e-17 2.01533e-05 8.94988e-20 0)
(-4.38976e-05 -9.32865e-06 4.87361e-20 1.97818e-05 6.46781e-18 0)
(-4.30703e-05 -9.32999e-06 0 1.94092e-05 0 0)
(-4.22514e-05 -9.32917e-06 -1.36594e-17 1.90394e-05 -4.22759e-20 0)
(-4.14288e-05 -9.32926e-06 -4.59952e-20 1.86689e-05 -7.03621e-18 0)
(-4.06081e-05 -9.32903e-06 5.75814e-17 1.82989e-05 1.62527e-19 0)
(-3.97864e-05 -9.32888e-06 -1.46199e-17 1.79288e-05 2.21509e-17 0)
(-3.89653e-05 -9.32861e-06 -3.02476e-17 1.75587e-05 -7.64977e-18 0)
(-3.8144e-05 -9.32834e-06 -2.51377e-32 1.71886e-05 -5.83239e-31 0)
(-3.73228e-05 -9.32813e-06 3.16839e-17 1.68186e-05 2.38065e-17 0)
(-3.65015e-05 -9.32801e-06 6.43495e-17 1.64485e-05 -1.6003e-17 0)
(-3.56802e-05 -9.32794e-06 -1.98687e-32 1.60784e-05 -1.09713e-30 0)
(-3.4859e-05 -9.32785e-06 -3.87013e-20 1.57083e-05 -8.39146e-18 0)
(-3.40379e-05 -9.32769e-06 -1.71231e-17 1.53383e-05 -1.7123e-17 0)
(-3.32167e-05 -9.32754e-06 1.8439e-19 1.49683e-05 4.3469e-17 0)
(-3.23955e-05 -9.32748e-06 -1.74937e-17 1.45983e-05 3.53256e-17 0)
(-3.15744e-05 -9.32749e-06 -2.7959e-32 1.42282e-05 -6.38223e-31 0)
(-3.07532e-05 -9.32753e-06 3.63287e-17 1.38581e-05 -1.81784e-17 0)
(-2.99321e-05 -9.32751e-06 6.64625e-20 1.34881e-05 1.85094e-17 0)
(-2.9111e-05 -9.3274e-06 -3.73959e-17 1.31181e-05 1.87134e-17 0)
(-2.82899e-05 -9.32724e-06 -3.8096e-17 1.27481e-05 -3.81098e-17 0)
(-2.74687e-05 -9.32706e-06 6.09929e-20 1.23781e-05 1.92742e-17 0)
(-2.66477e-05 -9.32684e-06 -3.88872e-17 1.20081e-05 1.94613e-17 0)
(-2.58266e-05 -9.32658e-06 -1.50717e-31 1.16381e-05 -3.68346e-30 0)
(-2.50056e-05 -9.32632e-06 1.9932e-17 1.12682e-05 2.50204e-20 0)
(-2.41847e-05 -9.32618e-06 -5.37008e-20 1.08983e-05 -2.01919e-17 0)
(-2.33637e-05 -9.32615e-06 5.18778e-20 1.05283e-05 2.0403e-17 0)
(-2.25427e-05 -9.32615e-06 -4.1131e-17 1.01583e-05 -4.51118e-20 0)
(-2.17217e-05 -9.32612e-06 -4.82319e-20 9.78834e-06 -2.08035e-17 0)
(-2.09008e-05 -9.32596e-06 -4.19492e-17 9.41841e-06 -2.10346e-17 0)
(-2.00798e-05 -9.32572e-06 6.59888e-32 9.04844e-06 -7.52216e-31 0)
(-1.92589e-05 -9.32555e-06 2.30979e-32 8.67854e-06 1.93435e-31 0)
(-1.84381e-05 -9.3255e-06 -4.29511e-17 8.30869e-06 -3.6898e-20 0)
(-1.76171e-05 -9.32544e-06 3.91179e-20 7.93873e-06 2.16771e-17 0)
(-1.67962e-05 -9.32538e-06 -2.18258e-17 7.56878e-06 -2.18467e-17 0)
(-1.59754e-05 -9.3253e-06 3.54726e-20 7.19893e-06 2.19755e-17 0)
(-1.51545e-05 -9.3251e-06 6.72996e-20 6.82899e-06 4.42274e-17 0)
(-1.43337e-05 -9.32508e-06 -2.22351e-17 6.45911e-06 -2.2259e-17 0)
(-1.35129e-05 -9.32506e-06 -3.00046e-20 6.08929e-06 -2.23684e-17 0)
(-1.2692e-05 -9.32494e-06 4.48866e-17 5.71931e-06 2.53988e-20 0)
(-1.18711e-05 -9.32492e-06 -4.51048e-17 5.34944e-06 -2.37563e-20 0)
(-1.10504e-05 -9.32485e-06 -7.24355e-32 4.97959e-06 -3.53538e-35 0)
(-1.02295e-05 -9.32478e-06 -4.54747e-17 4.60978e-06 2.27697e-17 0)
(-9.40915e-06 -9.32483e-06 1.04596e-31 4.24006e-06 7.92858e-30 0)
(-8.58761e-06 -9.32449e-06 4.58127e-17 3.87011e-06 -2.29401e-17 0)
(-7.76893e-06 -9.32504e-06 6.31429e-31 3.50137e-06 1.43185e-29 0)
(-6.94654e-06 -9.32298e-06 1.54244e-20 3.13254e-06 2.30953e-17 0)
(-6.13535e-06 -9.3262e-06 -6.93357e-17 2.76855e-06 -1.84422e-20 0)
(-5.31084e-06 -9.30652e-06 -2.35849e-20 2.40189e-06 -4.64081e-17 0)
(-4.5146e-06 -9.33143e-06 -4.64123e-17 2.04726e-06 -9.09167e-21 0)
(-3.69858e-06 -9.20586e-06 -2.61696e-32 1.65806e-06 -1.03402e-30 0)
(-2.61507e-06 -9.43708e-06 -5.80663e-21 1.1428e-06 -2.33127e-17 0)
(-1.78041e-06 -9.67065e-06 -4.65744e-17 7.83433e-07 4.66648e-17 0)
(-1.00789e-06 -9.75081e-06 8.08098e-33 5.3058e-07 -2.07378e-30 0)
(-3.59576e-07 -8.26401e-06 -2.33107e-17 6.62638e-07 -4.66961e-17 4.1408e-31)
(6.15948e-05 -1.64745e-05 -9.31332e-19 -2.22319e-05 1.09976e-18 0)
(6.5417e-05 -5.02188e-06 -2.8548e-18 -2.8594e-05 -2.76688e-18 0)
(6.43125e-05 -1.08218e-05 3.34026e-18 -2.88465e-05 -5.2671e-18 0)
(6.31142e-05 -9.95899e-06 -7.00709e-20 -2.85002e-05 1.01317e-18 0)
(6.22361e-05 -9.34548e-06 -2.74724e-18 -2.80609e-05 3.93448e-18 0)
(6.12804e-05 -9.48292e-06 6.24257e-18 -2.76238e-05 -1.68736e-18 0)
(6.04711e-05 -9.30864e-06 -4.03105e-18 -2.72523e-05 1.10692e-17 0)
(5.96268e-05 -9.35717e-06 -1.67115e-17 -2.68697e-05 2.3401e-18 0)
(5.88082e-05 -9.32747e-06 -8.9829e-18 -2.65007e-05 -1.40685e-17 0)
(5.79853e-05 -9.33647e-06 -5.33468e-18 -2.6129e-05 5.3054e-18 0)
(5.71591e-05 -9.33222e-06 -1.71518e-17 -2.57577e-05 1.71581e-19 0)
(5.63462e-05 -9.33108e-06 -6.22127e-18 -2.53886e-05 5.63741e-20 0)
(5.55019e-05 -9.33339e-06 1.84858e-19 -2.50125e-05 -1.01392e-17 0)
(5.47227e-05 -9.31508e-06 7.20745e-18 -2.46531e-05 -5.47409e-20 0)
(5.38132e-05 -9.33959e-06 -1.54985e-17 -2.42729e-05 7.83879e-18 0)
(5.32291e-05 -9.21626e-06 1.77289e-19 -2.40054e-05 -1.23084e-17 0)
(5.22875e-05 -9.50249e-06 4.30989e-17 -2.38391e-05 4.07212e-18 0)
(5.23566e-05 -8.98518e-06 -1.74382e-19 -2.37653e-05 1.37005e-17 0)
(5.20097e-05 -1.05649e-05 9.42055e-18 -2.27279e-05 9.53249e-18 0)
(4.9764e-05 -9.85058e-06 1.10498e-19 -2.23764e-05 -1.00265e-17 0)
(4.87349e-05 -9.55129e-06 -3.11605e-17 -2.21237e-05 -1.03179e-17 0)
(4.79636e-05 -9.53819e-06 2.17059e-17 -2.15272e-05 -9.55999e-20 0)
(4.70797e-05 -9.34938e-06 4.51572e-17 -2.11988e-05 -5.84717e-18 0)
(4.63584e-05 -9.36558e-06 9.69856e-33 -2.08629e-05 7.81178e-32 0)
(4.55208e-05 -9.32976e-06 -5.05382e-20 -2.05078e-05 6.07063e-18 0)
(4.47244e-05 -9.33474e-06 -3.74523e-17 -2.0149e-05 -6.13683e-18 0)
(4.38964e-05 -9.32909e-06 -1.37342e-32 -1.97805e-05 -1.1021e-33 0)
(4.308e-05 -9.33005e-06 -4.78284e-20 -1.94122e-05 6.66093e-18 0)
(4.22563e-05 -9.32912e-06 1.35655e-17 -1.90418e-05 1.36585e-17 0)
(4.1436e-05 -9.32924e-06 8.68665e-32 -1.86719e-05 4.37194e-31 0)
(4.0614e-05 -9.32902e-06 -4.30959e-17 -1.83016e-05 -1.43149e-17 0)
(3.97928e-05 -9.32889e-06 1.45757e-17 -1.79315e-05 2.95478e-17 0)
(3.89712e-05 -9.32862e-06 -3.02043e-17 -1.75613e-05 7.79878e-20 0)
(3.81499e-05 -9.32835e-06 -4.60373e-17 -1.71911e-05 -5.40866e-17 0)
(3.73285e-05 -9.32814e-06 3.15596e-17 -1.6821e-05 -7.47003e-20 0)
(3.65072e-05 -9.32803e-06 -8.10623e-20 -1.64509e-05 1.61491e-17 0)
(3.56859e-05 -9.32796e-06 1.62697e-17 -1.60809e-05 3.29036e-17 0)
(3.48646e-05 -9.32786e-06 -3.35217e-17 -1.57107e-05 8.46123e-18 0)
(3.40433e-05 -9.32771e-06 -1.68963e-17 -1.53406e-05 -3.41438e-17 0)
(3.3222e-05 -9.32756e-06 1.73462e-17 -1.49705e-05 -3.32412e-20 0)
(3.24007e-05 -9.32749e-06 7.04784e-17 -1.46004e-05 1.75493e-17 0)
(3.15795e-05 -9.32751e-06 3.57733e-17 -1.42304e-05 1.78999e-17 0)
(3.07582e-05 -9.32755e-06 7.27257e-17 -1.38604e-05 1.81168e-17 0)
(2.9937e-05 -9.32752e-06 5.53376e-17 -1.34903e-05 1.84196e-17 0)
(2.91157e-05 -9.32741e-06 3.75251e-17 -1.31201e-05 -1.88299e-17 0)
(2.82945e-05 -9.32726e-06 3.8096e-17 -1.27501e-05 -3.81098e-17 0)
(2.74733e-05 -9.32708e-06 3.84046e-17 -1.23801e-05 1.92193e-17 0)
(2.66521e-05 -9.32686e-06 3.89463e-17 -1.20101e-05 -5.33353e-20 0)
(2.58309e-05 -9.3266e-06 7.89683e-17 -1.164e-05 -4.94725e-17 0)
(2.50098e-05 -9.32634e-06 1.19592e-16 -1.12699e-05 -1.50145e-19 0)
(2.41886e-05 -9.3262e-06 4.02203e-17 -1.08999e-05 3.02394e-17 0)
(2.33675e-05 -9.32618e-06 4.06195e-17 -1.05299e-05 4.07593e-17 0)
(2.25465e-05 -9.32617e-06 4.1131e-17 -1.01599e-05 -4.51191e-20 0)
(2.17253e-05 -9.32614e-06 1.0381e-16 -9.78992e-06 -1.0869e-19 0)
(2.09043e-05 -9.32598e-06 4.64168e-20 -9.41991e-06 -2.09928e-17 0)
(2.00832e-05 -9.32574e-06 4.23114e-17 -9.04996e-06 -2.1215e-17 0)
(1.92622e-05 -9.32558e-06 4.25734e-17 -8.67995e-06 2.1311e-17 0)
(1.8441e-05 -9.32552e-06 -8.18946e-20 -8.30988e-06 4.30339e-17 0)
(1.76201e-05 -9.32547e-06 1.08217e-16 -7.93997e-06 -2.17652e-17 0)
(1.67991e-05 -9.3254e-06 1.30555e-19 -7.57008e-06 -7.64047e-17 0)
(1.5978e-05 -9.32532e-06 -3.54784e-20 -7.20005e-06 2.19755e-17 0)
(1.5157e-05 -9.32513e-06 4.41278e-17 -6.83008e-06 1.10265e-17 0)
(1.43361e-05 -9.32511e-06 1.33251e-16 -6.46014e-06 -2.23307e-17 0)
(1.35151e-05 -9.32509e-06 1.11605e-16 -6.09015e-06 2.23007e-17 0)
(1.26941e-05 -9.32496e-06 -2.81866e-20 -5.7203e-06 2.24847e-17 0)
(1.18732e-05 -9.32494e-06 9.02097e-17 -5.3503e-06 -4.75202e-20 0)
(1.10521e-05 -9.32489e-06 4.52839e-17 -4.98032e-06 2.26735e-17 0)
(1.02313e-05 -9.32482e-06 2.52562e-32 -4.61036e-06 -1.13654e-35 0)
(9.40995e-06 -9.32482e-06 1.37057e-16 -4.2403e-06 -4.58112e-17 0)
(8.58963e-06 -9.3244e-06 2.86092e-20 -3.87039e-06 -3.44359e-17 0)
(7.76686e-06 -9.32472e-06 9.19195e-17 -3.49966e-06 4.60288e-17 0)
(6.94727e-06 -9.32257e-06 4.60846e-17 -3.12877e-06 3.4629e-17 0)
(6.11874e-06 -9.32393e-06 1.38685e-16 -2.75633e-06 -2.319e-17 0)
(5.303e-06 -9.31381e-06 1.15802e-16 -2.38359e-06 2.31776e-17 0)
(4.47202e-06 -9.31887e-06 -4.64223e-17 -2.02593e-06 2.32566e-17 0)
(3.66241e-06 -9.31674e-06 8.13219e-21 -1.64181e-06 -2.32839e-17 0)
(2.90628e-06 -9.32406e-06 4.65492e-17 -1.26438e-06 -2.33184e-17 0)
(1.99812e-06 -9.53676e-06 -4.43671e-21 -9.0089e-07 2.33342e-17 0)
(9.8829e-07 -9.72576e-06 9.3222e-17 -5.36574e-07 -4.76574e-21 0)
(3.95988e-07 -8.25381e-06 4.39629e-22 -6.75918e-07 -2.33466e-17 -3.90479e-36)
(0.000186405 -2.48272e-05 -1.24171e-18 -6.35771e-05 1.17031e-18 0)
(0.000195735 -4.66839e-06 1.30385e-18 -8.06237e-05 -2.61133e-18 0)
(0.000192696 -8.85306e-06 -7.14433e-18 -8.03023e-05 8.91535e-19 0)
(0.000189033 -8.50972e-06 -5.96303e-18 -7.93265e-05 5.28421e-19 0)
(0.00018663 -8.02276e-06 4.14402e-19 -7.80664e-05 -2.58048e-18 0)
(0.000183788 -8.23356e-06 -6.18383e-18 -7.68571e-05 3.41314e-19 0)
(0.000181395 -8.09762e-06 -4.03555e-18 -7.58247e-05 3.8371e-18 0)
(0.000178867 -8.14817e-06 7.93458e-18 -7.47616e-05 3.87005e-18 0)
(0.000176417 -8.12438e-06 -8.60024e-18 -7.37356e-05 -9.12839e-18 0)
(0.000173945 -8.13261e-06 -1.00347e-17 -7.27008e-05 -4.9237e-18 0)
(0.000171478 -8.12921e-06 1.71653e-17 -7.16704e-05 -4.77421e-19 0)
(0.00016902 -8.12743e-06 0 -7.06409e-05 0 0)
(0.000166539 -8.13032e-06 2.03524e-17 -6.96067e-05 -3.84298e-18 0)
(0.00016411 -8.10991e-06 -1.47883e-17 -6.85852e-05 7.55257e-18 0)
(0.000161599 -8.14263e-06 -1.51715e-32 -6.75503e-05 5.10566e-32 0)
(0.000159294 -8.03305e-06 -7.28486e-18 -6.6578e-05 -2.03642e-17 0)
(0.000156786 -8.30377e-06 -1.74068e-19 -6.56171e-05 4.33638e-18 0)
(0.000154683 -8.22054e-06 -3.43466e-19 -6.46019e-05 9.13337e-18 0)
(0.000152292 -8.42336e-06 1.69078e-19 -6.36302e-05 -4.79117e-18 0)
(0.000149144 -8.21341e-06 1.94804e-17 -6.2521e-05 1.47599e-17 0)
(0.00014659 -8.25873e-06 -2.10177e-17 -6.12858e-05 5.50424e-18 0)
(0.000144013 -8.34184e-06 3.19772e-19 -6.01415e-05 -1.08945e-17 0)
(0.000141524 -8.16516e-06 0 -5.91308e-05 0 0)
(0.00013909 -8.17219e-06 -1.16961e-17 -5.81138e-05 1.29039e-19 0)
(0.000136612 -8.13173e-06 -3.0334e-19 -5.70938e-05 1.21405e-17 0)
(0.000134162 -8.13338e-06 -2.50103e-17 -5.60698e-05 2.49e-19 0)
(0.000131691 -8.127e-06 -1.26063e-17 -5.50408e-05 -1.28126e-17 0)
(0.00012923 -8.1276e-06 1.43475e-19 -5.40119e-05 -6.66052e-18 0)
(0.000126764 -8.12669e-06 -2.73278e-17 -5.29817e-05 2.35286e-19 0)
(0.000124301 -8.12684e-06 2.7657e-17 -5.1952e-05 2.08767e-17 0)
(0.000121836 -8.12667e-06 -2.86645e-17 -5.09219e-05 -6.99184e-18 0)
(0.000119372 -8.12658e-06 1.44919e-17 -4.98921e-05 1.46822e-17 0)
(0.000116908 -8.12635e-06 -3.89381e-19 -4.88621e-05 2.27141e-17 0)
(0.000114444 -8.12613e-06 -3.039e-17 -4.78322e-05 -3.0758e-17 0)
(0.00011198 -8.12596e-06 -3.15686e-17 -4.68024e-05 2.07844e-19 0)
(0.000109516 -8.12587e-06 -3.21027e-17 -4.57726e-05 -7.87085e-18 0)
(0.000107052 -8.12583e-06 -2.37703e-19 -4.47429e-05 1.64688e-17 0)
(0.000104588 -8.12575e-06 6.6868e-17 -4.37131e-05 8.0028e-18 0)
(0.000102124 -8.12562e-06 5.66904e-19 -4.26833e-05 -4.27202e-17 0)
(9.96606e-05 -8.1255e-06 9.60376e-33 -4.16536e-05 -2.70278e-31 0)
(9.7197e-05 -8.12546e-06 -3.23731e-19 -4.06239e-05 2.65173e-17 0)
(9.47333e-05 -8.12548e-06 -3.17214e-32 -3.95942e-05 1.59684e-31 0)
(9.22697e-05 -8.12553e-06 3.67134e-17 -3.85645e-05 -2.75299e-17 0)
(8.9806e-05 -8.12551e-06 3.65463e-17 -3.75348e-05 3.68506e-17 0)
(8.73424e-05 -8.12543e-06 -2.90908e-19 -3.65051e-05 2.81563e-17 0)
(8.48788e-05 -8.1253e-06 3.76938e-19 -3.54754e-05 -3.80516e-17 0)
(8.24153e-05 -8.12516e-06 -1.82999e-19 -3.44459e-05 1.92734e-17 0)
(7.99519e-05 -8.12497e-06 -2.79317e-32 -3.34163e-05 6.9335e-31 0)
(7.74885e-05 -8.12475e-06 3.44118e-19 -3.23867e-05 -3.94936e-17 0)
(7.50251e-05 -8.12453e-06 -2.01031e-17 -3.13571e-05 2.00422e-17 0)
(7.25619e-05 -8.12442e-06 -1.6112e-19 -3.03275e-05 2.0191e-17 0)
(7.00987e-05 -8.12441e-06 -1.5565e-19 -2.9298e-05 2.04022e-17 0)
(6.76356e-05 -8.12441e-06 2.25272e-19 -2.82686e-05 -3.09091e-17 0)
(6.51724e-05 -8.12439e-06 4.15332e-17 -2.72391e-05 -1.20966e-19 0)
(6.27093e-05 -8.12425e-06 -4.19814e-17 -2.62096e-05 1.06124e-17 0)
(6.02462e-05 -8.12405e-06 -4.2142e-17 -2.51802e-05 -2.10622e-17 0)
(5.77832e-05 -8.12392e-06 -1.28304e-19 -2.41508e-05 2.13487e-17 0)
(5.53202e-05 -8.12389e-06 1.84253e-19 -2.31212e-05 -3.22742e-17 0)
(5.28573e-05 -8.12383e-06 4.3163e-17 -2.20919e-05 2.15781e-17 0)
(5.03944e-05 -8.12377e-06 -1.67847e-19 -2.10626e-05 3.27436e-17 0)
(4.79315e-05 -8.12373e-06 4.38771e-17 -2.00332e-05 -8.89652e-20 0)
(4.54686e-05 -8.12356e-06 1.00961e-19 -1.90038e-05 -2.21129e-17 0)
(4.30058e-05 -8.12355e-06 2.3873e-19 -1.79745e-05 -5.56096e-17 0)
(4.0543e-05 -8.12353e-06 -1.80047e-19 -1.69451e-05 4.47351e-17 0)
(3.80803e-05 -8.12343e-06 -4.49379e-17 -1.59159e-05 1.13126e-17 0)
(3.56175e-05 -8.12342e-06 7.90867e-20 -1.48864e-05 -2.2593e-17 0)
(3.31547e-05 -8.12338e-06 -1.47236e-19 -1.38571e-05 4.53896e-17 0)
(3.06922e-05 -8.12332e-06 6.81503e-20 -1.28279e-05 -2.27893e-17 0)
(2.82291e-05 -8.1233e-06 2.43415e-31 -1.17985e-05 7.84816e-33 0)
(2.5767e-05 -8.12282e-06 -4.58408e-17 -1.07692e-05 4.78249e-20 0)
(2.33033e-05 -8.12295e-06 -2.29413e-17 -9.73947e-06 -2.30075e-17 0)
(2.08418e-05 -8.12038e-06 4.61167e-17 -8.70952e-06 -3.8678e-20 0)
(1.8376e-05 -8.12089e-06 -4.61717e-17 -7.67864e-06 -3.46946e-17 0)
(1.59154e-05 -8.11004e-06 4.62638e-17 -6.64687e-06 4.6377e-17 0)
(1.34508e-05 -8.11722e-06 -7.46668e-20 -5.61732e-06 5.81169e-17 0)
(1.09812e-05 -8.1244e-06 4.65427e-17 -4.58304e-06 -4.65865e-17 0)
(8.48911e-06 -8.13117e-06 6.98462e-17 -3.50189e-06 -2.33352e-17 0)
(5.90488e-06 -8.18845e-06 -1.31115e-20 -2.39465e-06 2.33333e-17 0)
(3.06978e-06 -8.375e-06 4.66226e-17 -1.33951e-06 -5.94862e-21 0)
(1.1363e-06 -7.48254e-06 -2.33171e-17 -1.676e-06 7.44293e-21 -2.29924e-46)
(0.000315949 -3.31902e-05 -1.41189e-18 -0.000122154 9.3884e-19 0)
(0.000324153 -3.90192e-06 5.04146e-18 -0.000141494 -2.45257e-18 0)
(0.000320559 -4.93339e-06 -1.4663e-18 -0.000140612 -2.30925e-18 0)
(0.000314412 -5.90112e-06 5.39157e-18 -0.000138449 -4.66255e-18 0)
(0.000310889 -5.57433e-06 -1.6014e-17 -0.000136739 4.40044e-18 0)
(0.00030626 -5.90779e-06 -6.20131e-18 -0.000134695 5.98165e-19 0)
(0.000302304 -5.8292e-06 -6.7125e-19 -0.000132939 3.66725e-18 0)
(0.000298107 -5.88073e-06 7.68698e-18 -0.000131089 3.61842e-18 0)
(0.000294025 -5.8661e-06 -8.74795e-18 -0.000129293 -4.15228e-18 0)
(0.000289905 -5.87295e-06 9.65576e-19 -0.00012748 -7.86764e-18 0)
(0.000285795 -5.87087e-06 1.78256e-17 -0.000125674 -6.59357e-18 0)
(0.000281693 -5.86987e-06 1.87031e-17 -0.000123869 -8.2513e-19 0)
(0.00027757 -5.873e-06 3.08164e-19 -0.000122059 -3.37858e-18 0)
(0.00027349 -5.86232e-06 -9.10905e-19 -0.00012026 1.08698e-17 0)
(0.000269344 -5.89572e-06 -2.99032e-19 -0.000118457 3.86438e-18 0)
(0.000265317 -5.85588e-06 8.83682e-19 -0.000116671 -1.23052e-17 0)
(0.000261196 -6.08438e-06 5.94645e-32 -0.000114955 2.74529e-32 0)
(0.000257053 -6.07496e-06 -8.56159e-19 -0.000113062 1.36972e-17 0)
(0.000252807 -6.03304e-06 1.8238e-32 -0.000110905 1.01911e-30 0)
(0.000248497 -5.8282e-06 -9.99799e-18 -0.000109281 2.42653e-19 0)
(0.000244383 -5.98723e-06 -2.08722e-17 -0.000107516 4.77466e-19 0)
(0.000240094 -6.0018e-06 -2.11994e-17 -0.000105553 -1.04242e-17 0)
(0.000235939 -5.90547e-06 1.12893e-17 -0.000103754 -2.3038e-19 0)
(0.000231825 -5.90243e-06 -4.6819e-17 -0.000101932 9.05338e-19 0)
(0.000227699 -5.87406e-06 -2.47314e-17 -0.000100127 1.25837e-17 0)
(0.000223598 -5.87404e-06 -2.50275e-17 -9.83218e-05 4.36636e-19 0)
(0.000219485 -5.86939e-06 4.87354e-19 -9.65151e-05 -1.29333e-17 0)
(0.000215381 -5.86981e-06 1.28153e-17 -9.47097e-05 1.31093e-17 0)
(0.000211272 -5.86922e-06 -6.83622e-17 -9.29033e-05 1.03143e-18 0)
(0.000207165 -5.86938e-06 -2.80882e-17 -9.10975e-05 4.04554e-19 0)
(0.000203058 -5.8693e-06 2.90423e-17 -8.92914e-05 -7.61378e-18 0)
(0.000198951 -5.86927e-06 -7.42691e-17 -8.74855e-05 1.57628e-17 0)
(0.000194844 -5.86912e-06 7.49272e-17 -8.56795e-05 2.17607e-17 0)
(0.000190738 -5.86898e-06 3.19742e-17 -8.38736e-05 -3.90818e-17 0)
(0.000186631 -5.86887e-06 -3.15857e-17 -8.20678e-05 3.64454e-19 0)
(0.000182525 -5.86883e-06 -2.94706e-32 -8.02621e-05 -4.29792e-31 0)
(0.000178418 -5.86882e-06 -1.60451e-17 -7.84564e-05 -1.62932e-17 0)
(0.000174312 -5.86879e-06 1.17089e-16 -7.66507e-05 7.19893e-18 0)
(0.000170205 -5.8687e-06 -3.41211e-17 -7.4845e-05 3.32379e-19 0)
(0.000166099 -5.86863e-06 -5.20778e-17 -7.30394e-05 4.8654e-19 0)
(0.000161993 -5.86861e-06 1.7291e-17 -7.12338e-05 1.75186e-17 0)
(0.000157887 -5.86865e-06 3.58695e-17 -6.94282e-05 -3.08323e-19 0)
(0.000153781 -5.8687e-06 1.82116e-17 -6.76227e-05 -1.50152e-19 0)
(0.000149675 -5.86871e-06 -5.6108e-17 -6.58171e-05 3.74528e-17 0)
(0.000145569 -5.86866e-06 1.31203e-16 -6.40115e-05 -9.94939e-19 0)
(0.000141463 -5.86858e-06 3.86247e-17 -6.2206e-05 -3.83249e-17 0)
(0.000137357 -5.8685e-06 -3.04994e-19 -6.04006e-05 1.9272e-17 0)
(0.000133252 -5.86838e-06 1.36404e-16 -5.85952e-05 -9.10752e-19 0)
(0.000129146 -5.86824e-06 -3.88651e-17 -5.67898e-05 -3.92385e-17 0)
(0.00012504 -5.86808e-06 5.98351e-17 -5.49844e-05 -3.6627e-19 0)
(0.000120935 -5.86801e-06 6.0222e-17 -5.31792e-05 1.98353e-17 0)
(0.00011683 -5.86802e-06 4.02305e-17 -5.1374e-05 4.05733e-17 0)
(0.000112725 -5.86804e-06 1.03143e-16 -4.95688e-05 -2.1155e-17 0)
(0.000108619 -5.86804e-06 -6.25667e-17 -4.77636e-05 2.11194e-17 0)
(0.000104514 -5.86795e-06 1.46519e-16 -4.59584e-05 2.02762e-17 0)
(0.000100409 -5.86781e-06 2.15924e-17 -4.41533e-05 -4.24431e-17 0)
(9.63042e-05 -5.86773e-06 4.26424e-17 -4.23482e-05 -1.88064e-19 0)
(9.21993e-05 -5.86772e-06 4.27725e-17 -4.05431e-05 2.13346e-17 0)
(8.80945e-05 -5.86768e-06 -2.14531e-17 -3.87381e-05 -2.15888e-17 0)
(8.39897e-05 -5.86765e-06 1.53264e-16 -3.69331e-05 -7.69707e-17 0)
(7.98849e-05 -5.86765e-06 1.09558e-16 -3.5128e-05 2.15832e-17 0)
(7.57801e-05 -5.86752e-06 8.80891e-17 -3.3323e-05 3.28712e-17 0)
(7.16756e-05 -5.86751e-06 1.59152e-19 -3.15181e-05 -2.22424e-17 0)
(6.7571e-05 -5.86752e-06 -6.73201e-17 -2.97132e-05 4.49301e-17 0)
(6.34664e-05 -5.86747e-06 1.57054e-16 -2.79083e-05 2.20487e-17 0)
(5.93618e-05 -5.86746e-06 2.26973e-17 -2.61033e-05 -2.26495e-17 0)
(5.52572e-05 -5.86741e-06 4.52119e-17 -2.42984e-05 2.25854e-17 0)
(5.1153e-05 -5.86739e-06 1.13809e-16 -2.24936e-05 -2.4973e-19 0)
(4.70482e-05 -5.86741e-06 -4.55936e-17 -2.06887e-05 -2.27832e-17 0)
(4.29443e-05 -5.86705e-06 1.1474e-16 -1.88839e-05 -2.31646e-17 0)
(3.88392e-05 -5.86703e-06 6.90047e-17 -1.7079e-05 -1.13769e-19 0)
(3.47365e-05 -5.86519e-06 6.90465e-17 -1.52741e-05 4.60842e-17 0)
(3.06311e-05 -5.8647e-06 6.80147e-20 -1.34696e-05 -2.3151e-17 0)
(2.65305e-05 -5.8575e-06 -2.31758e-17 -1.16638e-05 2.58989e-20 0)
(2.24285e-05 -5.85458e-06 1.16047e-16 -9.86383e-06 2.31358e-17 0)
(1.83186e-05 -5.84991e-06 1.86146e-16 -8.04625e-06 -5.83467e-17 0)
(1.41592e-05 -5.80437e-06 1.45417e-31 -6.19026e-06 2.58374e-30 0)
(9.99048e-06 -5.68693e-06 4.65797e-17 -4.35777e-06 3.49783e-17 0)
(5.52813e-06 -5.78346e-06 6.99543e-17 -2.58727e-06 2.33307e-17 0)
(2.10267e-06 -5.72839e-06 3.5002e-17 -2.51684e-06 -2.33753e-17 -3.1088e-31)
(0.000459034 -3.2022e-05 3.75326e-18 -0.000179173 -1.36423e-18 7.27009e-32)
(0.000443108 -2.08042e-06 1.02202e-19 -0.000184416 -2.40725e-19 -2.13806e-33)
(0.000447895 -1.11071e-06 1.42794e-18 -0.000185133 6.87522e-19 -1.22128e-32)
(0.000438761 -1.9976e-06 -1.40223e-17 -0.000181642 3.23115e-18 1.7219e-31)
(0.000435005 -1.90615e-06 4.16979e-18 -0.000179948 8.8859e-19 -1.57845e-32)
(0.00042865 -2.07955e-06 9.08544e-18 -0.000177314 -5.08011e-18 9.02408e-32)
(0.000423193 -2.06158e-06 -1.36826e-17 -0.00017505 -1.05499e-18 -3.74808e-32)
(0.000417342 -2.08335e-06 6.52414e-18 -0.000172627 3.8147e-18 -6.77627e-32)
(0.00041163 -2.07971e-06 1.03434e-17 -0.000170264 -2.74002e-18 4.86725e-32)
(0.000405864 -2.08222e-06 -7.31239e-18 -0.000167879 -8.80169e-18 -1.56349e-31)
(0.000400113 -2.08178e-06 -4.46243e-17 -0.0001655 -2.84546e-18 -2.02182e-31)
(0.000394366 -2.08116e-06 -4.50539e-17 -0.000163122 5.96112e-18 3.70617e-31)
(0.0003886 -2.08249e-06 -3.45897e-17 -0.000160738 4.26958e-18 1.89607e-31)
(0.000382874 -2.07755e-06 -4.42587e-17 -0.000158367 4.67693e-18 2.49237e-31)
(0.000377084 -2.09046e-06 -3.40316e-32 -0.000155975 3.90054e-32 1.15387e-60)
(0.000371366 -2.07667e-06 -3.88969e-17 -0.0001536 -9.39849e-18 -4.17376e-31)
(0.000365541 -2.16337e-06 -6.96791e-17 -0.000151204 3.51015e-18 2.49411e-31)
(0.000359481 -2.21096e-06 -3.72744e-17 -0.000148686 5.22474e-18 1.8562e-31)
(0.000353485 -2.12176e-06 -2.87061e-17 -0.000146263 4.87155e-19 1.29804e-32)
(0.000347803 -2.01013e-06 -4.19802e-17 -0.000143922 1.31658e-17 4.67741e-31)
(0.000342104 -2.10679e-06 2.01417e-17 -0.0001415 4.91582e-18 -8.73224e-32)
(0.000336138 -2.13068e-06 -1.98957e-17 -0.000139034 -1.33042e-17 -2.36329e-31)
(0.000330337 -2.09426e-06 -5.72517e-17 -0.000136637 6.41497e-18 2.84881e-31)
(0.000324554 -2.09482e-06 -1.08098e-18 -0.000134244 8.79631e-18 -2.64465e-45)
(0.000318781 -2.08347e-06 -2.42544e-17 -0.000131859 2.92785e-19 5.2009e-33)
(0.000313035 -2.08368e-06 2.57511e-17 -0.000129481 -6.55615e-18 1.1646e-31)
(0.000307278 -2.08187e-06 -4.99804e-17 -0.0001271 -1.55991e-17 -5.54189e-31)
(0.000301531 -2.08214e-06 -6.78779e-17 -0.000124723 1.40094e-17 6.22141e-31)
(0.000295779 -2.08194e-06 2.63883e-17 -0.000122344 1.00003e-17 -1.77641e-31)
(0.00029003 -2.08206e-06 -2.68287e-17 -0.000119966 -1.38012e-17 -2.45159e-31)
(0.00028428 -2.08206e-06 -2.94766e-17 -0.000117587 7.47707e-18 1.32819e-31)
(0.00027853 -2.0821e-06 -1.44705e-17 -0.000115209 -3.56934e-18 -3.17021e-32)
(0.000272781 -2.08209e-06 -1.39181e-17 -0.000112831 -1.50135e-17 -1.33346e-31)
(0.000267031 -2.08209e-06 -3.18333e-17 -0.000110453 1.18562e-17 2.10608e-31)
(0.000261282 -2.08209e-06 -4.80015e-17 -0.000108075 8.26815e-18 2.20308e-31)
(0.000255533 -2.08211e-06 5.67397e-19 -0.000105697 -8.07213e-18 -5.09422e-45)
(0.000249784 -2.08214e-06 -8.08913e-17 -0.000103319 -2.00075e-17 -8.8851e-31)
(0.000244035 -2.08217e-06 -1.17924e-16 -0.000100941 9.17352e-18 5.7034e-31)
(0.000238286 -2.08219e-06 -3.54724e-17 -9.85631e-05 2.1574e-17 3.8323e-31)
(0.000232538 -2.0822e-06 -3.39726e-17 -9.61853e-05 -1.28235e-17 -2.27791e-31)
(0.000226789 -2.08222e-06 -8.78211e-17 -9.38075e-05 -8.31636e-18 -3.6932e-31)
(0.000221041 -2.08226e-06 -3.58981e-17 -9.14298e-05 2.03015e-19 3.60626e-33)
(0.000215292 -2.08231e-06 -9.16073e-17 -8.9052e-05 9.61189e-18 4.26853e-31)
(0.000209544 -2.08235e-06 4.65281e-19 -8.66743e-05 -9.25231e-18 -3.55815e-45)
(0.000203796 -2.08236e-06 -5.58203e-17 -8.42965e-05 -9.10266e-18 -2.42543e-31)
(0.000198047 -2.08236e-06 -3.86847e-17 -8.19189e-05 1.44482e-17 2.56652e-31)
(0.000192299 -2.08237e-06 -7.64002e-17 -7.95412e-05 -1.40988e-17 -5.0089e-31)
(0.000186551 -2.08238e-06 -5.89157e-17 -7.71637e-05 1.00119e-17 2.6677e-31)
(0.000180803 -2.08237e-06 -3.94671e-17 -7.47862e-05 1.66059e-19 2.94979e-33)
(0.000175056 -2.08236e-06 -1.39132e-16 -7.24088e-05 -1.44137e-17 -8.96135e-31)
(0.000169308 -2.08236e-06 -1.01453e-16 -7.00315e-05 1.5529e-17 6.89627e-31)
(0.000163561 -2.08237e-06 -4.07779e-17 -6.76542e-05 1.50223e-19 2.66848e-33)
(0.000157814 -2.08239e-06 -2.09433e-17 -6.5277e-05 1.03735e-17 9.21353e-32)
(0.000152066 -2.08242e-06 -4.12412e-17 -6.28997e-05 -1.02597e-17 -1.82248e-31)
(0.000146319 -2.08242e-06 -2.04914e-17 -6.05224e-05 -1.56738e-17 -1.39211e-31)
(0.000140572 -2.08241e-06 -6.39504e-17 -5.81452e-05 1.60712e-17 4.28221e-31)
(0.000134825 -2.08243e-06 -4.28206e-17 -5.57681e-05 5.46001e-18 9.69891e-32)
(0.000129078 -2.08243e-06 -4.30057e-17 -5.3391e-05 1.18552e-19 2.1059e-33)
(0.000123332 -2.08241e-06 4.10777e-19 -5.1014e-05 -1.62542e-17 1.23615e-44)
(0.000117585 -2.08244e-06 -1.52319e-16 -4.8637e-05 -1.59908e-17 -9.94189e-31)
(0.000111838 -2.08248e-06 -2.19986e-16 -4.62599e-05 1.69916e-17 1.50915e-30)
(0.000106092 -2.08244e-06 -4.45526e-17 -4.3883e-05 1.66791e-17 2.9628e-31)
(0.000100345 -2.08244e-06 -8.91452e-17 -4.15061e-05 1.13043e-17 4.01607e-31)
(9.45989e-05 -2.08247e-06 -4.43935e-17 -3.91292e-05 -1.66858e-17 -2.96398e-31)
(8.88524e-05 -2.0825e-06 -6.7116e-17 -3.67523e-05 -1.67375e-17 -4.45977e-31)
(8.31061e-05 -2.0825e-06 -6.8016e-17 -3.43754e-05 1.70563e-17 4.54469e-31)
(7.73598e-05 -2.08247e-06 -4.53631e-17 -3.19985e-05 7.10512e-20 1.26212e-33)
(7.16138e-05 -2.08248e-06 -2.29351e-17 -2.96218e-05 1.14255e-17 1.01479e-31)
(6.58673e-05 -2.08251e-06 -2.5286e-31 -2.72449e-05 -1.06821e-30 -1.106e-58)
(6.01216e-05 -2.08237e-06 -6.84959e-17 -2.48682e-05 -2.86078e-17 -7.62263e-31)
(5.4375e-05 -2.08238e-06 -1.61111e-16 -2.24913e-05 1.74793e-19 1.08672e-32)
(4.8631e-05 -2.0816e-06 -6.94055e-17 -2.01152e-05 1.73848e-17 4.63224e-31)
(4.28861e-05 -2.08141e-06 -4.76131e-20 -1.77389e-05 5.78713e-18 -2.56766e-45)
(3.71464e-05 -2.07801e-06 -9.27188e-17 -1.53643e-05 -5.73158e-18 -2.03626e-31)
(3.14132e-05 -2.07652e-06 -2.3094e-17 -1.29917e-05 -2.32283e-17 -2.06309e-31)
(2.56852e-05 -2.07034e-06 -1.39647e-16 -1.06229e-05 5.89051e-18 3.13909e-31)
(1.99646e-05 -2.0362e-06 -1.16582e-16 -8.24617e-06 2.33536e-17 1.03711e-30)
(1.43802e-05 -1.93246e-06 -4.66255e-17 -5.90955e-06 -5.81921e-18 -1.0337e-31)
(9.0573e-06 -1.99613e-06 -7.00026e-17 -3.70523e-06 -5.82427e-18 -1.55189e-31)
(3.72333e-06 -2.99667e-06 -1.16908e-17 -2.30969e-06 3.50578e-17 -1.30375e-34)
)
;

boundaryField
{
    top
    {
        type            calculated;
        value           nonuniform List<symmTensor> 
80
(
(0.000459034 -1.06925e-10 3.75326e-18 -0.000196729 -1.29853e-24 7.27009e-32)
(0.000443108 -1.28799e-10 1.02202e-19 -0.000189903 -3.39898e-25 -2.13806e-33)
(0.000447895 -1.92064e-10 1.42794e-18 -0.000191955 7.74681e-25 -1.22128e-32)
(0.000438761 -2.46451e-10 -1.40223e-17 -0.000188041 3.74672e-24 1.7219e-31)
(0.000435005 -3.03208e-10 4.16979e-18 -0.000186431 8.068e-25 -1.57845e-32)
(0.00042865 -3.63748e-10 9.08544e-18 -0.000183707 -5.4017e-24 9.02408e-32)
(0.000423193 -4.285e-10 -1.36826e-17 -0.000181369 -7.55389e-25 -3.74808e-32)
(0.000417342 -4.97116e-10 6.52414e-18 -0.000178861 3.81766e-24 -6.77627e-32)
(0.00041163 -5.6973e-10 1.03434e-17 -0.000176413 -3.14809e-24 4.86725e-32)
(0.000405864 -6.45426e-10 -7.31239e-18 -0.000173942 -9.40365e-24 -1.56349e-31)
(0.000400113 -7.20981e-10 -4.46243e-17 -0.000171477 -2.28893e-24 -2.02182e-31)
(0.000394366 -7.91795e-10 -4.50539e-17 -0.000169014 7.43546e-24 3.70617e-31)
(0.0003886 -8.54578e-10 -3.45897e-17 -0.000166543 5.28413e-24 1.89607e-31)
(0.000382874 -9.10299e-10 -4.42587e-17 -0.000164089 5.75839e-24 2.49237e-31)
(0.000377084 -9.63853e-10 -3.40316e-32 -0.000161608 4.35114e-38 1.15387e-60)
(0.000371366 -1.02207e-09 -3.88969e-17 -0.000159157 -9.932e-24 -4.17376e-31)
(0.000365541 -1.08954e-09 -6.96791e-17 -0.000156661 4.76393e-24 2.49411e-31)
(0.000359481 -1.16577e-09 -3.72744e-17 -0.000154063 6.40785e-24 1.8562e-31)
(0.000353485 -1.24623e-09 -2.87061e-17 -0.000151494 9.58734e-25 1.29804e-32)
(0.000347803 -1.3254e-09 -4.19802e-17 -0.000149059 1.60054e-23 4.67741e-31)
(0.000342104 -1.39641e-09 2.01417e-17 -0.000146616 5.5718e-24 -8.73224e-32)
(0.000336138 -1.45577e-09 -1.98957e-17 -0.000144059 -1.55614e-23 -2.36329e-31)
(0.000330337 -1.50854e-09 -5.72517e-17 -0.000141573 8.12727e-24 2.84881e-31)
(0.000324554 -1.56466e-09 -1.08098e-18 -0.000139095 1.04227e-23 -2.64465e-45)
(0.000318781 -1.63196e-09 -2.42544e-17 -0.000136621 5.74483e-25 5.2009e-33)
(0.000313035 -1.7113e-09 2.57511e-17 -0.000134158 -8.20869e-24 1.1646e-31)
(0.000307278 -1.79418e-09 -4.99804e-17 -0.00013169 -1.86524e-23 -5.54189e-31)
(0.000301531 -1.86801e-09 -6.78779e-17 -0.000129227 1.81674e-23 6.22141e-31)
(0.000295779 -1.92605e-09 2.63883e-17 -0.000126762 1.22317e-23 -1.77641e-31)
(0.00029003 -1.97582e-09 -2.68287e-17 -0.000124299 -1.69868e-23 -2.45159e-31)
(0.00028428 -2.03106e-09 -2.94766e-17 -0.000121834 9.56694e-24 1.32819e-31)
(0.00027853 -2.10092e-09 -1.44705e-17 -0.00011937 -4.37731e-24 -3.17021e-32)
(0.000272781 -2.18351e-09 -1.39181e-17 -0.000116906 -1.90885e-23 -1.33346e-31)
(0.000267031 -2.26183e-09 -3.18333e-17 -0.000114442 1.56858e-23 2.10608e-31)
(0.000261282 -2.32122e-09 -4.80015e-17 -0.000111978 1.11989e-23 2.20308e-31)
(0.000255533 -2.3708e-09 5.67397e-19 -0.000109514 -1.05285e-23 -5.09422e-45)
(0.000249784 -2.42619e-09 -8.08913e-17 -0.00010705 -2.56204e-23 -8.8851e-31)
(0.000244035 -2.49358e-09 -1.17924e-16 -0.000104587 1.30708e-23 5.7034e-31)
(0.000238286 -2.56643e-09 -3.54724e-17 -0.000102123 2.91141e-23 3.8323e-31)
(0.000232538 -2.63053e-09 -3.39726e-17 -9.96591e-05 -1.69024e-23 -2.27791e-31)
(0.000226789 -2.67516e-09 -8.78211e-17 -9.71954e-05 -1.0445e-23 -3.6932e-31)
(0.000221041 -2.71215e-09 -3.58981e-17 -9.47318e-05 5.54545e-25 3.60626e-33)
(0.000215292 -2.75851e-09 -9.16073e-17 -9.22682e-05 1.36413e-23 4.26853e-31)
(0.000209544 -2.81246e-09 4.65281e-19 -8.98045e-05 -1.24898e-23 -3.55815e-45)
(0.000203796 -2.86232e-09 -5.58203e-17 -8.73409e-05 -1.1899e-23 -2.42543e-31)
(0.000198047 -2.90554e-09 -3.86847e-17 -8.48774e-05 1.98241e-23 2.56652e-31)
(0.000192299 -2.95963e-09 -7.64002e-17 -8.24139e-05 -1.89225e-23 -5.0089e-31)
(0.000186551 -3.03824e-09 -5.89157e-17 -7.99505e-05 1.40822e-23 2.6677e-31)
(0.000180803 -3.11954e-09 -3.94671e-17 -7.74871e-05 4.51942e-25 2.94979e-33)
(0.000175056 -3.18851e-09 -1.39132e-16 -7.50239e-05 -1.94933e-23 -8.96135e-31)
(0.000169308 -3.2217e-09 -1.01453e-16 -7.25607e-05 2.25978e-23 6.89627e-31)
(0.000163561 -3.22745e-09 -4.07779e-17 -7.00976e-05 4.46971e-25 2.66848e-33)
(0.000157814 -3.25149e-09 -2.09433e-17 -6.76345e-05 1.46241e-23 9.21353e-32)
(0.000152066 -3.29441e-09 -4.12412e-17 -6.51713e-05 -1.42983e-23 -1.82248e-31)
(0.000146319 -3.34185e-09 -2.04914e-17 -6.27082e-05 -2.20707e-23 -1.39211e-31)
(0.000140572 -3.41761e-09 -6.39504e-17 -6.02451e-05 2.33955e-23 4.28221e-31)
(0.000134825 -3.4901e-09 -4.28206e-17 -5.77822e-05 8.08166e-24 9.69891e-32)
(0.000129078 -3.48971e-09 -4.30057e-17 -5.53193e-05 3.46113e-25 2.1059e-33)
(0.000123332 -3.48105e-09 4.10777e-19 -5.28564e-05 -2.31885e-23 1.23615e-44)
(0.000117585 -3.55106e-09 -1.52319e-16 -5.03935e-05 -2.29304e-23 -9.94189e-31)
(0.000111838 -3.60287e-09 -2.19986e-16 -4.79307e-05 2.55409e-23 1.50915e-30)
(0.000106092 -3.62405e-09 -4.45526e-17 -4.54678e-05 2.46291e-23 2.9628e-31)
(0.000100345 -3.63239e-09 -8.91452e-17 -4.30051e-05 1.64924e-23 4.01607e-31)
(9.45989e-05 -3.66382e-09 -4.43935e-17 -4.05424e-05 -2.43232e-23 -2.96398e-31)
(8.88524e-05 -3.73741e-09 -6.7116e-17 -3.80796e-05 -2.46534e-23 -4.45977e-31)
(8.31061e-05 -3.74296e-09 -6.8016e-17 -3.56169e-05 2.56332e-23 4.54469e-31)
(7.73598e-05 -3.73125e-09 -4.53631e-17 -3.31542e-05 3.9404e-25 1.26212e-33)
(7.16138e-05 -3.7582e-09 -2.29351e-17 -3.06916e-05 1.67064e-23 1.01479e-31)
(6.58673e-05 -3.78669e-09 -2.5286e-31 -2.82288e-05 -1.57117e-36 -1.106e-58)
(6.01216e-05 -3.80873e-09 -6.84959e-17 -2.57664e-05 -4.17636e-23 -7.62263e-31)
(5.4375e-05 -3.8236e-09 -1.61111e-16 -2.33036e-05 1.08204e-24 1.08672e-32)
(4.8631e-05 -3.85849e-09 -6.94055e-17 -2.08419e-05 2.56902e-23 4.63224e-31)
(4.28861e-05 -3.87374e-09 -4.76131e-20 -1.83798e-05 8.60143e-24 -2.56766e-45)
(3.71464e-05 -3.85845e-09 -9.27188e-17 -1.59199e-05 -8.11316e-24 -2.03626e-31)
(3.14132e-05 -3.88363e-09 -2.3094e-17 -1.34628e-05 -3.44406e-23 -2.06309e-31)
(2.56852e-05 -3.91605e-09 -1.39647e-16 -1.1008e-05 9.40771e-24 3.13909e-31)
(1.99646e-05 -3.9815e-09 -1.16582e-16 -8.55624e-06 3.59217e-23 1.03711e-30)
(1.43802e-05 -4.25894e-09 -4.66255e-17 -6.16294e-06 -9.25341e-24 -1.0337e-31)
(9.0573e-06 -5.2036e-09 -7.00026e-17 -3.8817e-06 -1.09828e-23 -1.55189e-31)
(3.72333e-06 -5.69707e-09 -1.16908e-17 -1.59571e-06 7.60948e-23 -1.30375e-34)
)
;
    }
    left
    {
        type            calculated;
        value           nonuniform List<symmTensor> 8((-0.000489058 -5.1953e-05 -1.23905e-19 0.00017917 -1.12872e-19 -4.01004e-33) (-0.000309636 -1.48814e-05 7.01531e-19 0.000122151 4.93764e-19 0) (-0.000177071 1.14825e-05 5.59694e-19 6.35752e-05 2.8233e-19 0) (-5.75724e-05 2.93597e-05 -1.31556e-18 2.22302e-05 -8.64793e-19 0) (5.75788e-05 2.93594e-05 -9.31332e-19 -2.22319e-05 1.09976e-18 0) (0.000177078 1.14814e-05 -1.24171e-18 -6.35771e-05 1.17031e-18 0) (0.000309643 -1.48832e-05 -1.41189e-18 -0.000122154 9.3884e-19 0) (0.000489066 -5.19552e-05 3.75326e-18 -0.000179173 -1.36423e-18 7.27009e-32));
    }
    right
    {
        type            calculated;
        value           nonuniform List<symmTensor> 8((-9.86739e-07 -6.49453e-06 -4.85225e-23 2.30249e-06 1.16799e-17 6.34929e-35) (-1.07863e-06 -6.49454e-06 -3.80812e-26 2.51689e-06 -4.67171e-17 8.23981e-35) (-7.17917e-07 -6.49455e-06 9.68503e-23 1.67519e-06 1.48787e-20 1.68305e-43) (-2.83976e-07 -6.49455e-06 -4.843e-23 6.62638e-07 -4.66961e-17 4.1408e-31) (2.89655e-07 -6.49455e-06 -1.10535e-26 -6.75918e-07 -2.33466e-17 -3.90479e-36) (7.18236e-07 -6.49455e-06 -4.84246e-23 -1.676e-06 7.44293e-21 -2.29924e-46) (1.07857e-06 -6.49454e-06 7.27197e-23 -2.51684e-06 -2.33753e-17 -3.1088e-31) (9.89831e-07 -6.49453e-06 -2.4302e-23 -2.30969e-06 3.50578e-17 -1.30375e-34));
    }
    bottom
    {
        type            calculated;
        value           nonuniform List<symmTensor> 
80
(
(-0.000459027 -1.04985e-10 -1.23905e-19 0.000196726 2.49719e-25 -4.01004e-33)
(-0.000443101 -1.34038e-10 -1.76339e-18 0.0001899 -4.50908e-25 -7.27379e-33)
(-0.000447888 -1.99994e-10 9.30711e-19 0.000191952 -1.25099e-24 1.8718e-32)
(-0.000438754 -2.50975e-10 1.20099e-17 0.000188037 3.61499e-24 -1.34535e-31)
(-0.000434997 -3.03133e-10 -9.30549e-18 0.000186427 1.81211e-25 1.73741e-32)
(-0.000428642 -3.60008e-10 -8.13361e-18 0.000183704 -3.80253e-24 -6.24917e-32)
(-0.000423186 -4.23994e-10 7.31116e-18 0.000181366 6.11606e-25 -6.90437e-33)
(-0.000417334 -4.9412e-10 -8.37752e-18 0.000178857 -6.25384e-25 -6.80879e-33)
(-0.000411625 -5.67098e-10 9.42936e-18 0.000176411 6.34208e-25 -6.71564e-33)
(-0.000405853 -6.4231e-10 -1.04666e-17 0.000173937 -6.34657e-25 -6.62146e-33)
(-0.000400113 -7.18171e-10 9.26816e-18 0.000171477 -7.35113e-24 1.21234e-31)
(-0.000394343 -7.91883e-10 1.87459e-17 0.000169004 9.08212e-25 -1.44758e-32)
(-0.000388615 -8.59817e-10 1.56479e-17 0.000166549 1.01374e-23 -1.56322e-31)
(-0.000382799 -9.19497e-10 -1.36196e-17 0.000164057 3.49611e-24 5.8095e-32)
(-0.000377101 -9.72402e-10 6.87945e-18 0.000161615 -4.01708e-24 3.27729e-32)
(-0.000371115 -1.02516e-09 8.24041e-19 0.000159049 4.55261e-24 -6.33689e-46)
(-0.000365103 -1.08511e-09 -3.30099e-17 0.000156473 8.32427e-24 2.84128e-31)
(-0.000359284 -1.15674e-09 -1.98231e-17 0.000153979 -1.09404e-23 -1.67944e-31)
(-0.000351724 -1.23847e-09 -1.91294e-17 0.000150739 -6.53888e-25 -5.76141e-33)
(-0.000346161 -1.32125e-09 -9.24943e-18 0.000148355 5.55374e-24 4.31172e-32)
(-0.000341402 -1.39681e-09 -2.27419e-18 0.000146315 -1.86092e-23 1.11629e-44)
(-0.000335579 -1.46241e-09 4.09161e-17 0.00014382 -2.15408e-23 6.55153e-31)
(-0.000330295 -1.51859e-09 7.98595e-17 0.000141555 8.83387e-24 -4.17678e-31)
(-0.000324445 -1.57159e-09 3.69581e-17 0.000139048 1.83789e-23 -4.02538e-31)
(-0.000318793 -1.63023e-09 7.07863e-19 0.000136626 7.23968e-24 3.73982e-48)
(-0.000313012 -1.70042e-09 -6.95025e-19 0.000134148 -7.55139e-24 9.08926e-46)
(-0.000307279 -1.78072e-09 6.22197e-17 0.000131691 -2.60764e-23 9.73591e-31)
(-0.000301521 -1.86307e-09 9.38239e-17 0.000129223 1.03888e-23 -4.74237e-31)
(-0.000295775 -1.93589e-09 2.83585e-17 0.000126761 1.3475e-23 -1.87292e-31)
(-0.000290023 -1.99318e-09 5.62334e-17 0.000124296 1.17062e-24 -1.89268e-32)
(-0.000284274 -2.04097e-09 4.38993e-17 0.000121832 9.9848e-24 -2.02707e-31)
(-0.000278524 -2.09512e-09 2.8941e-17 0.000119367 -8.65212e-24 1.26808e-31)
(-0.000272775 -2.16441e-09 3.0259e-17 0.000116903 6.48359e-25 -4.45029e-33)
(-0.000267025 -2.24619e-09 4.64159e-17 0.000114439 9.05095e-25 -9.80211e-33)
(-0.000261276 -2.32828e-09 6.38086e-17 0.000111976 1.14602e-23 -2.98006e-31)
(-0.000255527 -2.39175e-09 4.95398e-17 0.000109512 2.20649e-23 -4.39549e-31)
(-0.000249779 -2.43605e-09 -1.38655e-18 0.000107048 -2.70456e-23 1.01869e-44)
(-0.00024403 -2.48417e-09 1.6227e-17 0.000104584 -1.07043e-23 7.35143e-32)
(-0.000238281 -2.54605e-09 5.14891e-17 0.00010212 6.65388e-24 -1.2255e-31)
(-0.000232533 -2.61921e-09 3.34562e-17 9.96568e-05 -2.84803e-23 3.82181e-31)
(-0.000226784 -2.6907e-09 1.23403e-16 9.71932e-05 -4.08584e-24 2.29387e-31)
(-0.000221036 -2.74037e-09 5.38471e-17 9.47296e-05 8.44418e-25 -8.1139e-33)
(-0.000215288 -2.76379e-09 1.28298e-16 9.2266e-05 2.0485e-23 -8.93317e-31)
(-0.000209539 -2.79279e-09 3.76886e-17 8.98024e-05 1.92142e-23 -2.49949e-31)
(-0.000203791 -2.84832e-09 -1.13127e-18 8.73389e-05 -3.16227e-23 3.25598e-44)
(-0.000198043 -2.91715e-09 1.521e-16 8.48754e-05 1.96906e-24 -5.16967e-32)
(-0.000192295 -2.98214e-09 9.63008e-17 8.2412e-05 1.07598e-24 -1.96079e-32)
(-0.000186547 -3.03789e-09 1.36918e-16 7.99486e-05 1.50607e-23 -6.43767e-31)
(-0.000180799 -3.09438e-09 6.02182e-19 7.74853e-05 2.06127e-23 3.50422e-45)
(-0.000175052 -3.15606e-09 -9.71732e-19 7.50221e-05 -3.50393e-23 1.98673e-44)
(-0.000169304 -3.20698e-09 1.41244e-16 7.2559e-05 1.41244e-24 -3.38368e-32)
(-0.000163557 -3.25589e-09 4.07779e-17 7.00959e-05 4.05007e-25 -2.66842e-33)
(-0.00015781 -3.27783e-09 1.445e-16 6.76328e-05 1.59301e-23 -6.71981e-31)
(-0.000152063 -3.29547e-09 6.28748e-17 6.51697e-05 2.25847e-23 -4.21223e-31)
(-0.000146316 -3.35258e-09 -8.12215e-19 6.27067e-05 -3.72211e-23 2.05908e-44)
(-0.000140569 -3.41138e-09 1.48437e-16 6.02437e-05 1.6351e-23 -6.86188e-31)
(-0.000134822 -3.45347e-09 -4.0351e-32 5.77808e-05 -1.02445e-36 -6.04097e-60)
(-0.000129075 -3.50417e-09 1.5052e-16 5.5318e-05 1.64317e-24 -2.57967e-32)
(-0.000123329 -3.52525e-09 -5.29991e-32 5.28551e-05 -1.74113e-36 -1.11399e-59)
(-0.000117582 -3.51755e-09 6.54475e-17 5.03923e-05 2.83204e-25 -4.31627e-33)
(-0.000111836 -3.57901e-09 3.72487e-19 4.79295e-05 2.3841e-23 1.56341e-44)
(-0.000106089 -3.65934e-09 -2.35565e-19 4.54668e-05 -1.62508e-23 3.47113e-46)
(-0.000100343 -3.6306e-09 4.45612e-19 4.30041e-05 3.22463e-23 1.05402e-44)
(-9.45966e-05 -3.66455e-09 -4.47085e-17 4.05414e-05 -2.63215e-25 -1.54333e-33)
(-8.88504e-05 -3.71636e-09 -3.94575e-19 3.80787e-05 -3.30079e-23 -7.10726e-45)
(-8.31042e-05 -3.71374e-09 4.5344e-17 3.56161e-05 1.67156e-23 -2.01986e-31)
(-7.73582e-05 -3.73968e-09 4.51054e-17 3.31535e-05 -2.46864e-23 3.0104e-31)
(-7.16119e-05 -3.75462e-09 1.82367e-16 3.06908e-05 1.75604e-23 -8.2819e-31)
(-6.58663e-05 -3.80798e-09 2.19379e-19 2.82284e-05 2.53662e-23 -2.57585e-44)
(-6.01192e-05 -3.8266e-09 -2.66983e-19 2.57654e-05 -3.3987e-23 1.416e-44)
(-5.43754e-05 -3.82555e-09 4.60317e-17 2.33037e-05 -5.97686e-26 -8.87126e-34)
(-4.8623e-05 -3.86494e-09 9.22708e-17 2.08384e-05 -8.06453e-24 2.01911e-31)
(-4.2884e-05 -3.83165e-09 6.96082e-17 1.83788e-05 3.4249e-23 -6.18373e-31)
(-3.71089e-05 -3.83677e-09 -4.638e-17 1.59038e-05 1.89585e-26 -6.05403e-34)
(-3.13686e-05 -3.94902e-09 2.29896e-17 1.34437e-05 -6.12381e-23 3.61135e-31)
(-2.55749e-05 -3.95778e-09 1.63028e-16 1.09607e-05 4.51912e-23 -1.81421e-30)
(-1.98319e-05 -4.0037e-09 -4.6598e-17 8.49939e-06 -3.38116e-25 -3.24082e-34)
(-1.43571e-05 -4.31079e-09 1.16573e-16 6.15305e-06 -1.74149e-23 5.16564e-31)
(-9.03451e-06 -5.1326e-09 3.00909e-20 3.87193e-06 3.419e-23 1.04257e-44)
(-3.70172e-06 -5.59954e-09 -2.33527e-17 1.58645e-06 2.43817e-23 6.34929e-35)
)
;
    }
    front
    {
        type            empty;
    }
    back
    {
        type            empty;
    }
}


// ************************************************************************* //
