/*--------------------------------*- C++ -*----------------------------------*\
| =========                 |                                                 |
| \\      /  F ield         | foam-extend: Open Source CFD                    |
|  \\    /   O peration     | Version:     4.0                                |
|   \\  /    A nd           | Web:         http://www.foam-extend.org         |
|    \\/     M anipulation  |                                                 |
\*---------------------------------------------------------------------------*/
FoamFile
{
    version     2.0;
    format      ascii;
    class       volSymmTensorField;
    location    "1";
    object      sigma;
}
// * * * * * * * * * * * * * * * * * * * * * * * * * * * * * * * * * * * * * //

dimensions      [1 -1 -2 0 0 0 0];

internalField   nonuniform List<symmTensor> 
640
(
(-1.02911e+08 -4.92634e+06 -1.90623e-08 -4.7266e+06 -1.7365e-08 -3.22912e+07)
(-9.8018e+07 -320052 -2.71291e-07 -1.47745e+06 -6.29967e-08 -2.98486e+07)
(-9.9224e+07 -170885 1.43186e-07 -1.83668e+06 -1.62112e-07 -3.03182e+07)
(-9.71677e+07 -307327 1.84768e-06 -1.72275e+06 4.66072e-07 -2.96671e+07)
(-9.63518e+07 -293254 -1.43161e-06 -1.74523e+06 7.52366e-08 -2.94291e+07)
(-9.49448e+07 -319929 -1.25132e-06 -1.7212e+06 -5.41227e-07 -2.89998e+07)
(-9.37371e+07 -317160 1.12479e-06 -1.70124e+06 5.97972e-08 -2.86315e+07)
(-9.24411e+07 -320515 -1.28885e-06 -1.6784e+06 -5.89694e-08 -2.82359e+07)
(-9.11765e+07 -319942 1.45067e-06 -1.65546e+06 5.81627e-08 -2.78496e+07)
(-8.98981e+07 -320356 -1.61025e-06 -1.63234e+06 -5.7347e-08 -2.74591e+07)
(-8.86265e+07 -320261 1.42587e-06 -1.60932e+06 -1.04998e-06 -2.70708e+07)
(-8.73486e+07 -320391 2.88399e-06 -1.58599e+06 8.35812e-08 -2.66804e+07)
(-8.608e+07 -320587 2.40738e-06 -1.56352e+06 1.35387e-06 -2.6293e+07)
(-8.47913e+07 -321596 -2.09533e-06 -1.53909e+06 5.03148e-07 -2.58991e+07)
(-8.35311e+07 -323179 1.05838e-06 -1.52079e+06 -5.67677e-07 -2.55156e+07)
(-8.2201e+07 -333113 1.26776e-07 -1.48678e+06 6.30858e-07 -2.51063e+07)
(-8.08863e+07 -338304 -5.07845e-06 -1.50261e+06 1.23038e-06 -2.47167e+07)
(-7.95584e+07 -351820 -3.04971e-06 -1.38803e+06 -1.45452e-06 -2.42839e+07)
(-7.78407e+07 -463037 -2.94298e-06 -1.2572e+06 -4.98983e-08 -2.37294e+07)
(-7.6706e+07 -292021 -1.42299e-06 -1.4624e+06 7.46857e-07 -2.34505e+07)
(-7.56409e+07 -324815 -3.49876e-07 -1.41764e+06 -2.4142e-06 -2.31176e+07)
(-7.43328e+07 -307502 6.29479e-06 -1.35124e+06 -2.83707e-06 -2.27052e+07)
(-7.31635e+07 -315798 1.22861e-05 -1.33286e+06 1.03355e-06 -2.23489e+07)
(-7.18659e+07 -318661 5.68586e-06 -1.30483e+06 2.32419e-06 -2.19512e+07)
(-7.06141e+07 -319626 1.08902e-07 -1.28269e+06 9.3357e-07 -2.1569e+07)
(-6.93333e+07 -320220 -1.06927e-07 -1.25892e+06 -9.64404e-07 -2.11777e+07)
(-6.80636e+07 -320277 9.57225e-06 -1.23597e+06 -3.37282e-06 -2.07899e+07)
(-6.67882e+07 -320325 1.44344e-05 -1.21272e+06 1.1735e-06 -2.04003e+07)
(-6.55153e+07 -320318 4.36285e-06 -1.18963e+06 1.6221e-06 -2.00115e+07)
(-6.42413e+07 -320318 8.65129e-06 -1.16648e+06 8.19605e-08 -1.96223e+07)
(-6.29678e+07 -320317 6.75374e-06 -1.14337e+06 1.1704e-06 -1.92334e+07)
(-6.16942e+07 -320316 4.45247e-06 -1.12024e+06 -1.09826e-06 -1.88443e+07)
(-6.04207e+07 -320315 4.65523e-06 -1.09711e+06 3.8543e-08 -1.84553e+07)
(-5.91472e+07 -320313 7.1409e-06 -1.07399e+06 5.6596e-08 -1.80663e+07)
(-5.78737e+07 -320315 9.81671e-06 -1.05086e+06 1.29048e-06 -1.76774e+07)
(-5.66003e+07 -320318 7.6215e-06 -1.02774e+06 2.53789e-06 -1.72884e+07)
(-5.53269e+07 -320323 -2.13315e-07 -1.00462e+06 -3.16631e-06 -1.68995e+07)
(-5.40536e+07 -320326 2.49646e-06 -981501 -1.27338e-06 -1.65105e+07)
(-5.27802e+07 -320327 7.92139e-06 -958377 7.07584e-07 -1.61216e+07)
(-5.15069e+07 -320330 5.14712e-06 -935254 -3.30999e-06 -1.57326e+07)
(-5.02336e+07 -320335 1.8985e-05 -912132 -5.6762e-07 -1.53437e+07)
(-4.89603e+07 -320342 8.28417e-06 -889016 4.68485e-08 -1.49548e+07)
(-4.7687e+07 -320347 1.97382e-05 -865899 2.21052e-06 -1.45659e+07)
(-4.64137e+07 -320351 5.79825e-06 -842781 2.16476e-06 -1.4177e+07)
(-4.51405e+07 -320353 -1.74041e-07 -819659 -3.60901e-06 -1.3788e+07)
(-4.38672e+07 -320355 2.34e-05 -796538 1.11934e-07 -1.33991e+07)
(-4.2594e+07 -320356 1.48155e-05 -773418 6.79281e-08 -1.30102e+07)
(-4.13209e+07 -320356 2.10643e-05 -750300 1.59301e-06 -1.26213e+07)
(-4.00477e+07 -320353 9.26434e-08 -727182 2.27802e-06 -1.22325e+07)
(-3.87746e+07 -320350 -1.49497e-07 -704064 -3.84011e-06 -1.18436e+07)
(-3.75016e+07 -320351 2.17299e-05 -680947 8.37295e-08 -1.14548e+07)
(-3.62286e+07 -320356 6.27352e-06 -657834 2.31106e-08 -1.10659e+07)
(-3.49555e+07 -320360 2.22308e-05 -634723 1.66282e-06 -1.06771e+07)
(-3.36825e+07 -320363 9.67304e-06 -611608 2.43208e-06 -1.02882e+07)
(-3.24095e+07 -320364 -1.24956e-07 -588490 -4.03615e-06 -9.8994e+06)
(-3.11365e+07 -320360 2.28365e-05 -565372 1.69798e-06 -9.51057e+06)
(-2.98636e+07 -320360 -6.20785e-21 -542256 -1.09673e-19 -9.12176e+06)
(-2.85907e+07 -320364 2.31569e-05 -519145 6.38342e-08 -8.73295e+06)
(-2.73178e+07 -320363 -8.15371e-21 -496037 -1.8539e-19 -8.34415e+06)
(-2.60449e+07 -320362 1.00688e-05 -472924 2.49215e-08 -7.95535e+06)
(-2.4772e+07 -320368 5.73057e-08 -449805 2.53507e-06 -7.56655e+06)
(-2.34992e+07 -320368 -3.62408e-08 -426697 -1.70068e-06 -7.17776e+06)
(-2.22264e+07 -320364 6.85557e-08 -403584 3.42152e-06 -6.78898e+06)
(-2.09535e+07 -320368 -6.87824e-06 -380472 -1.33665e-08 -6.4002e+06)
(-1.96807e+07 -320370 -6.07039e-08 -357363 -3.45845e-06 -6.01142e+06)
(-1.84079e+07 -320370 6.976e-06 -334249 1.74936e-06 -5.62265e+06)
(-1.71351e+07 -320368 6.9393e-06 -311141 -2.60724e-06 -5.23389e+06)
(-1.58623e+07 -320369 2.80565e-05 -288026 1.79319e-06 -4.8451e+06)
(-1.45897e+07 -320377 3.37506e-08 -264921 2.63914e-06 -4.45637e+06)
(-1.33166e+07 -320377 -4.10743e-08 -241799 -3.53115e-06 -4.06753e+06)
(-1.20444e+07 -320408 7.0818e-06 -218735 7.68318e-09 -3.67893e+06)
(-1.07702e+07 -320462 1.41955e-05 -195565 -8.74354e-07 -3.28973e+06)
(-9.49913e+06 -320595 1.07089e-05 -172849 3.5704e-06 -2.90159e+06)
(-8.21986e+06 -321010 -7.13539e-06 -149438 -5.24325e-09 -2.51079e+06)
(-6.94981e+06 -319497 3.53687e-06 -129765 -6.25542e-06 -2.12387e+06)
(-5.66718e+06 -319736 2.50812e-05 -108059 4.48929e-06 -1.73257e+06)
(-4.3913e+06 -304928 -7.16892e-06 -76157 -2.80685e-09 -1.34024e+06)
(-3.18316e+06 -296380 1.79344e-05 -64742.7 -1.78954e-06 -974370)
(-2.00709e+06 -306659 4.62938e-09 -50121.8 2.69383e-06 -617162)
(-730944 -459512 -3.59273e-06 192780 1.79691e-06 -161449)
(-7.09668e+07 -5.10602e+06 1.07928e-07 -3.56785e+06 7.59637e-08 -2.23604e+07)
(-7.0944e+07 -600274 1.9971e-07 692455 -2.13585e-07 -2.10754e+07)
(-7.00783e+07 -758994 2.80341e-07 869520 -2.42436e-07 -2.07626e+07)
(-6.86728e+07 -907873 1.07403e-07 996376 3.11362e-07 -2.03029e+07)
(-6.79217e+07 -857593 2.623e-06 942607 1.27207e-06 -2.00937e+07)
(-6.69112e+07 -908891 1.80348e-06 926301 -2.97014e-07 -1.97955e+07)
(-6.60489e+07 -896795 -1.51427e-21 909939 -5.05943e-21 -1.95417e+07)
(-6.51321e+07 -904726 -1.28445e-06 896276 -8.95596e-08 -1.92708e+07)
(-6.42409e+07 -902462 -5.81604e-22 883720 3.16642e-21 -1.90072e+07)
(-6.33395e+07 -903568 1.60585e-06 871293 8.70937e-08 -1.87405e+07)
(-6.2444e+07 -903242 -1.5088e-21 858831 -1.36863e-20 -1.84755e+07)
(-6.15429e+07 -903672 -8.63218e-06 846999 -3.80811e-07 -1.82088e+07)
(-6.06505e+07 -904136 2.15877e-21 834583 2.76847e-20 -1.79448e+07)
(-5.97418e+07 -908300 2.17497e-06 825079 -4.75278e-07 -1.7675e+07)
(-5.88631e+07 -908557 5.92496e-06 816681 2.024e-07 -1.74139e+07)
(-5.79391e+07 -955583 2.6517e-06 815126 1.97294e-06 -1.71372e+07)
(-5.70733e+07 -903204 7.88973e-06 843359 -1.09787e-06 -1.6869e+07)
(-5.63016e+07 -1.17168e+06 5.68325e-06 724606 1.55854e-06 -1.66731e+07)
(-5.46497e+07 -769849 -4.26525e-08 543934 -7.37037e-07 -1.62317e+07)
(-5.37061e+07 -589940 5.99366e-06 731648 -2.93838e-06 -1.58923e+07)
(-5.33544e+07 -848831 8.0718e-06 783429 9.88687e-07 -1.57713e+07)
(-5.23598e+07 -842066 0 736470 0 -1.5487e+07)
(-5.15568e+07 -885937 -3.51407e-06 717511 -9.41325e-07 -1.52518e+07)
(-5.06327e+07 -896441 5.48141e-06 700520 1.90918e-06 -1.49797e+07)
(-4.97535e+07 -900574 3.76595e-06 685134 1.00218e-06 -1.47205e+07)
(-4.88495e+07 -902599 3.73582e-06 672543 -2.82663e-06 -1.44531e+07)
(-4.79558e+07 -902818 1.98573e-06 659586 3.29702e-08 -1.41889e+07)
(-4.70568e+07 -903026 -6.09867e-06 647329 9.27525e-07 -1.39228e+07)
(-4.61602e+07 -902989 6.31035e-06 634872 9.5207e-08 -1.36576e+07)
(-4.52625e+07 -902994 -4.35664e-06 622567 -1.14456e-06 -1.3392e+07)
(-4.43653e+07 -902976 -4.43336e-06 610199 -6.10034e-08 -1.31265e+07)
(-4.34679e+07 -902962 6.91677e-06 597871 3.50309e-06 -1.2861e+07)
(-4.25707e+07 -902939 -4.68412e-06 585528 -1.22325e-06 -1.25955e+07)
(-4.16734e+07 -902915 4.69106e-06 573194 -2.32481e-06 -1.23301e+07)
(-4.07762e+07 -902897 2.36592e-06 560852 -2.40565e-06 -1.20646e+07)
(-3.98789e+07 -902890 7.46315e-20 548507 1.42926e-18 -1.17991e+07)
(-3.89817e+07 -902889 1.28605e-05 536162 9.00104e-06 -1.15337e+07)
(-3.80846e+07 -902884 -1.29179e-05 523823 -1.42174e-06 -1.12682e+07)
(-3.71874e+07 -902872 7.81597e-06 511487 -2.55201e-06 -1.10028e+07)
(-3.62903e+07 -902860 2.83694e-08 499152 1.33733e-06 -1.07373e+07)
(-3.53931e+07 -902856 -5.43097e-06 486812 -4.86664e-08 -1.04719e+07)
(-3.4496e+07 -902862 -8.27759e-06 474466 -7.11493e-08 -1.02065e+07)
(-3.35989e+07 -902870 -1.9665e-05 462121 -2.96749e-06 -9.94103e+06)
(-3.27018e+07 -902871 -5.58424e-06 449784 5.64955e-06 -9.67559e+06)
(-3.18047e+07 -902863 -5.79204e-06 437450 -1.48753e-06 -9.41016e+06)
(-3.09076e+07 -902851 -8.88923e-06 425115 -7.38079e-06 -9.14474e+06)
(-3.00105e+07 -902836 2.34603e-08 412775 1.48246e-06 -8.87932e+06)
(-2.91135e+07 -902819 -1.49211e-05 400434 4.40276e-06 -8.61391e+06)
(-2.82165e+07 -902797 6.1557e-06 388099 6.11429e-06 -8.34851e+06)
(-2.73195e+07 -902773 -4.27133e-08 375764 -3.07248e-06 -8.08311e+06)
(-2.64225e+07 -902762 -9.34755e-06 363430 -3.16059e-06 -7.81773e+06)
(-2.55256e+07 -902763 -6.26913e-06 351090 -3.50983e-08 -7.55235e+06)
(-2.46287e+07 -902767 -1.58874e-05 338745 -4.83958e-06 -7.28697e+06)
(-2.37317e+07 -902768 7.42079e-08 326410 6.40038e-06 -7.02159e+06)
(-2.28348e+07 -902755 -6.43275e-06 314079 1.58326e-06 -6.75621e+06)
(-2.19379e+07 -902731 -9.79421e-06 301741 -3.30256e-06 -6.49085e+06)
(-2.1041e+07 -902718 -2.99545e-21 289406 -1.17269e-19 -6.22549e+06)
(-2.01442e+07 -902716 -9.91781e-06 277074 -4.15481e-08 -5.96013e+06)
(-1.92473e+07 -902711 -1.32621e-05 264730 6.61623e-06 -5.69477e+06)
(-1.83505e+07 -902706 -6.70817e-06 252393 -2.52324e-08 -5.42943e+06)
(-1.74537e+07 -902706 1.01294e-05 240071 3.59988e-08 -5.16407e+06)
(-1.65568e+07 -902687 -6.76961e-06 227726 3.37899e-06 -4.89873e+06)
(-1.566e+07 -902682 3.39341e-06 215387 -3.41114e-06 -4.6334e+06)
(-1.47632e+07 -902684 1.37477e-05 203063 4.05997e-08 -4.36805e+06)
(-1.38665e+07 -902676 -1.38193e-05 190720 -3.81334e-08 -4.10272e+06)
(-1.29697e+07 -902675 -4.05555e-08 178390 -6.95124e-06 -3.83738e+06)
(-1.20729e+07 -902665 -2.83136e-08 166048 -5.23692e-06 -3.57206e+06)
(-1.11761e+07 -902664 -1.75091e-05 153730 -3.84187e-08 -3.30672e+06)
(-1.02795e+07 -902678 7.07064e-06 141393 8.81224e-06 -3.04142e+06)
(-9.38246e+06 -902685 -7.04039e-06 129092 3.51864e-06 -2.77601e+06)
(-8.48616e+06 -902801 3.51217e-06 116767 -7.07959e-06 -2.51082e+06)
(-7.58819e+06 -903080 -1.4195e-05 104631 -2.08695e-08 -2.24507e+06)
(-6.69313e+06 -903664 1.04649e-08 92555.5 3.5617e-06 -1.98017e+06)
(-5.79014e+06 -906639 7.14003e-06 80581.5 3.57748e-06 -1.71287e+06)
(-4.89816e+06 -905240 -1.07242e-05 70310.8 -3.5863e-06 -1.44836e+06)
(-3.96573e+06 -922487 -2.50495e-05 51150.7 -3.60077e-06 -1.17437e+06)
(-3.05254e+06 -902324 7.16914e-06 26210.8 3.59035e-06 -907899)
(-2.19201e+06 -856498 -1.07572e-05 18073.4 -4.46479e-09 -652181)
(-1.19169e+06 -891098 -7.17229e-06 60951.1 7.18222e-06 -339223)
(-272026 -877774 -7.13637e-10 436581 -7.18724e-06 49366.7)
(-4.28486e+07 -3.81946e+06 8.61068e-08 -4.39112e+06 4.34355e-08 -1.41719e+07)
(-4.33933e+07 -718199 -6.68617e-08 -878311 -1.33914e-07 -1.32815e+07)
(-4.26125e+07 -1.36202e+06 -4.39651e-07 -614334 -5.48615e-08 -1.2968e+07)
(-4.17387e+07 -1.30919e+06 -2.14057e-06 -454332 -1.89681e-07 -1.26579e+07)
(-4.12373e+07 -1.23428e+06 1.11079e-06 -516412 -3.16996e-07 -1.25261e+07)
(-4.06115e+07 -1.2667e+06 -8.88579e-07 -513999 4.28797e-07 -1.23377e+07)
(-4.00865e+07 -1.24579e+06 7.44779e-07 -515877 1.71916e-06 -1.21807e+07)
(-3.95282e+07 -1.25357e+06 1.28181e-06 -510303 5.10759e-08 -1.20116e+07)
(-3.89878e+07 -1.24989e+06 -1.20527e-07 -504044 -1.45475e-06 -1.18476e+07)
(-3.84403e+07 -1.25121e+06 2.40482e-06 -497032 7.45015e-08 -1.16812e+07)
(-3.78975e+07 -1.25066e+06 2.81655e-06 -490200 2.73093e-06 -1.15163e+07)
(-3.73497e+07 -1.25084e+06 2.87344e-06 -482416 7.23903e-08 -1.13496e+07)
(-3.68127e+07 -1.25086e+06 -1.70705e-07 -475486 -3.11936e-06 -1.11864e+07)
(-3.62567e+07 -1.2512e+06 2.13499e-06 -464784 -1.62577e-06 -1.10165e+07)
(-3.57654e+07 -1.24698e+06 -1.23899e-06 -454070 -1.21236e-06 -1.08658e+07)
(-3.51574e+07 -1.25e+06 3.7974e-06 -437011 6.99367e-07 -1.06783e+07)
(-3.50985e+07 -1.18475e+06 5.42649e-08 -434118 1.33409e-06 -1.06598e+07)
(-3.38727e+07 -1.18493e+06 5.23235e-08 -488428 1.40472e-06 -1.03084e+07)
(-3.76111e+07 -1.94546e+06 4.94782e-06 64979.8 -1.69591e-06 -1.12638e+07)
(-3.27402e+07 -1.22111e+06 -7.5856e-08 -477178 -2.31417e-06 -9.96522e+06)
(-3.28722e+07 -1.17288e+06 1.55387e-06 -392902 -1.58863e-06 -9.97953e+06)
(-3.18183e+07 -1.2347e+06 -3.34107e-06 -377995 -4.12154e-08 -9.65888e+06)
(-3.13375e+07 -1.23417e+06 -6.96646e-06 -389872 -9.51596e-07 -9.51821e+06)
(-3.07326e+07 -1.24779e+06 -1.77567e-06 -389562 8.82616e-07 -9.33664e+06)
(-3.01999e+07 -1.248e+06 3.79445e-06 -388649 2.84066e-06 -9.17656e+06)
(-2.96464e+07 -1.25024e+06 1.90096e-06 -382306 -9.45558e-07 -9.0086e+06)
(-2.91046e+07 -1.25011e+06 -2.0294e-06 -376373 -2.00877e-06 -8.8443e+06)
(-2.85584e+07 -1.25036e+06 5.67279e-22 -369253 5.12084e-24 -8.67829e+06)
(-2.80145e+07 -1.25028e+06 4.33019e-08 -362388 2.10769e-06 -8.51306e+06)
(-2.74695e+07 -1.25029e+06 1.06149e-07 -355293 5.41216e-06 -8.34745e+06)
(-2.69251e+07 -1.25027e+06 -6.2427e-08 -348282 -3.33137e-06 -8.18202e+06)
(-2.63805e+07 -1.25025e+06 -4.07762e-08 -341218 -2.27585e-06 -8.0165e+06)
(-2.58359e+07 -1.25021e+06 1.99672e-08 -334176 1.16483e-06 -7.85103e+06)
(-2.52914e+07 -1.25017e+06 -5.86392e-08 -327123 -3.57351e-06 -7.68555e+06)
(-2.47468e+07 -1.25015e+06 -4.7802e-06 -320083 4.83583e-06 -7.52008e+06)
(-2.42023e+07 -1.25013e+06 -1.2394e-05 -313046 -7.81771e-08 -7.35461e+06)
(-2.36578e+07 -1.25013e+06 -9.33279e-21 -306010 -2.42173e-19 -7.18915e+06)
(-2.31133e+07 -1.25012e+06 5.15262e-06 -298965 2.98638e-08 -7.02369e+06)
(-2.25688e+07 -1.2501e+06 -6.97691e-08 -291916 -5.25788e-06 -6.85823e+06)
(-2.20244e+07 -1.25008e+06 5.33868e-06 -284869 2.84568e-08 -6.69277e+06)
(-2.14799e+07 -1.25007e+06 -1.08235e-05 -277830 2.66421e-06 -6.52732e+06)
(-2.09354e+07 -1.25007e+06 -5.43486e-06 -270797 6.88152e-06 -6.36187e+06)
(-2.0391e+07 -1.25008e+06 -1.11703e-05 -263760 2.75332e-06 -6.19642e+06)
(-1.98465e+07 -1.25008e+06 -5.71454e-06 -256712 -2.87312e-06 -6.03097e+06)
(-1.93021e+07 -1.25007e+06 -5.82421e-06 -249660 -5.80059e-06 -5.86552e+06)
(-1.87576e+07 -1.25005e+06 -1.46365e-05 -242614 -2.98763e-06 -5.70008e+06)
(-1.82132e+07 -1.25002e+06 -8.85062e-06 -235578 2.92984e-06 -5.53464e+06)
(-1.76688e+07 -1.24999e+06 -1.79794e-05 -228540 -6.84874e-08 -5.3692e+06)
(-1.71244e+07 -1.24996e+06 -6.09131e-06 -221496 -3.0601e-06 -5.20377e+06)
(-1.658e+07 -1.24993e+06 -6.13431e-06 -214450 -2.14224e-08 -5.03835e+06)
(-1.60357e+07 -1.24991e+06 -1.23783e-05 -207405 3.06488e-06 -4.87293e+06)
(-1.54913e+07 -1.24991e+06 -6.24256e-06 -200367 3.11879e-06 -4.70751e+06)
(-1.4947e+07 -1.24991e+06 -1.89877e-05 -193338 -5.79371e-08 -4.5421e+06)
(-1.44026e+07 -1.24991e+06 -1.59743e-05 -186293 -4.65227e-08 -4.37668e+06)
(-1.38583e+07 -1.24989e+06 -2.14207e-08 -179247 -3.22954e-06 -4.21127e+06)
(-1.3314e+07 -1.24985e+06 -6.50397e-06 -172212 -1.72025e-08 -4.04586e+06)
(-1.27697e+07 -1.24983e+06 -6.55773e-06 -165173 -1.64992e-08 -3.88046e+06)
(-1.22254e+07 -1.24982e+06 -6.57145e-06 -158123 6.60455e-06 -3.71505e+06)
(-1.16811e+07 -1.24982e+06 -6.66754e-06 -151090 -1.6825e-06 -3.54965e+06)
(-1.11368e+07 -1.24981e+06 -6.02494e-08 -144054 -1.17541e-05 -3.38426e+06)
(-1.05925e+07 -1.2498e+06 2.45593e-08 -137001 5.07107e-06 -3.21886e+06)
(-1.00482e+07 -1.24978e+06 -6.79287e-06 -129974 -1.29829e-08 -3.05347e+06)
(-9.50399e+06 -1.24977e+06 -6.84785e-06 -122938 -3.43441e-06 -2.88808e+06)
(-8.95974e+06 -1.24977e+06 -6.83659e-06 -115879 8.59132e-06 -2.72268e+06)
(-8.41548e+06 -1.24976e+06 1.22389e-21 -108856 -1.84333e-19 -2.5573e+06)
(-7.87121e+06 -1.24975e+06 -6.95276e-06 -101810 -3.48602e-06 -2.39191e+06)
(-7.327e+06 -1.24974e+06 -1.39325e-05 -94778.5 3.47257e-06 -2.22653e+06)
(-6.78272e+06 -1.24974e+06 -1.75025e-05 -87713 -2.19093e-08 -2.06113e+06)
(-6.23859e+06 -1.24975e+06 -2.10835e-05 -80676.1 -2.41821e-08 -1.89578e+06)
(-5.69415e+06 -1.24973e+06 -1.32022e-08 -73582.6 -5.29764e-06 -1.73032e+06)
(-5.15054e+06 -1.24986e+06 -7.06681e-06 -66516.2 3.53628e-06 -1.56512e+06)
(-4.60546e+06 -1.24989e+06 -1.41898e-05 -59081.5 -1.19041e-08 -1.39936e+06)
(-4.06535e+06 -1.25072e+06 -1.42318e-05 -51707.7 -3.57244e-06 -1.23512e+06)
(-3.51644e+06 -1.25091e+06 -7.1202e-06 -43607 5.35005e-06 -1.06802e+06)
(-3.00686e+06 -1.25479e+06 7.14634e-06 -37913 3.58031e-06 -913430)
(-2.41231e+06 -1.25296e+06 -1.43057e-05 -38017.5 -6.19133e-09 -735099)
(-2.16579e+06 -1.21584e+06 -1.43619e-06 -12674.2 -4.30352e-06 -653539)
(-1.29029e+06 -1.26407e+06 1.97974e-09 -38705.4 3.58977e-06 -398700)
(-704953 -1.29387e+06 -1.43454e-05 5979.41 -1.91555e-09 -209692)
(-104745 -1.15007e+06 7.17451e-06 323282 2.28902e-09 65561.2)
(-1.40163e+07 -2.5345e+06 -2.02394e-07 -1.12124e+06 -1.33045e-07 -4.54128e+06)
(-1.43113e+07 -772590 -2.81051e-07 150364 -1.52318e-07 -4.24827e+06)
(-1.39848e+07 -1.6649e+06 2.6243e-07 345692 4.61633e-07 -4.09172e+06)
(-1.37021e+07 -1.53216e+06 1.49236e-06 390701 -4.18943e-07 -3.99343e+06)
(-1.35164e+07 -1.43777e+06 -2.96088e-22 373741 9.43877e-22 -3.94281e+06)
(-1.33095e+07 -1.45891e+06 3.60535e-21 366345 5.36937e-21 -3.88295e+06)
(-1.31346e+07 -1.4321e+06 1.63326e-06 359681 -1.10117e-06 -3.83248e+06)
(-1.29512e+07 -1.43956e+06 1.0183e-08 354190 3.23299e-07 -3.77909e+06)
(-1.2774e+07 -1.43499e+06 1.43221e-06 349157 -3.45646e-07 -3.72744e+06)
(-1.25941e+07 -1.43638e+06 1.57212e-06 344364 -1.19309e-06 -3.67491e+06)
(-1.2417e+07 -1.43571e+06 2.55042e-20 339316 7.98703e-20 -3.6233e+06)
(-1.22358e+07 -1.43557e+06 7.68582e-06 335168 1.51461e-06 -3.57018e+06)
(-1.20627e+07 -1.43567e+06 9.48453e-09 330105 5.19956e-07 -3.51977e+06)
(-1.18723e+07 -1.43194e+06 5.54421e-06 327653 4.20892e-08 -3.46341e+06)
(-1.17176e+07 -1.43152e+06 -3.55826e-06 324867 -6.19617e-07 -3.41783e+06)
(-1.14676e+07 -1.38845e+06 1.27422e-06 316805 1.27048e-06 -3.34524e+06)
(-1.13831e+07 -1.40133e+06 1.33705e-06 327891 6.75249e-07 -3.31657e+06)
(-1.06604e+07 -1.10014e+06 2.78413e-06 267828 -1.39029e-06 -3.11777e+06)
(-1.04687e+07 -1.33646e+06 -8.17793e-09 126526 -7.37221e-07 -3.10264e+06)
(-1.10019e+07 -1.74018e+06 -8.63539e-09 255841 -7.7121e-07 -3.22381e+06)
(-1.07009e+07 -1.43373e+06 -1.57835e-06 345169 2.40736e-06 -3.10673e+06)
(-1.04432e+07 -1.48167e+06 4.11167e-08 322327 4.19058e-06 -3.03625e+06)
(-1.02756e+07 -1.43227e+06 -1.75099e-06 297149 -1.74849e-06 -2.99353e+06)
(-1.00685e+07 -1.43956e+06 -3.16781e-08 284495 -3.61021e-06 -2.93519e+06)
(-9.89691e+06 -1.43439e+06 -7.78233e-09 272877 -9.33942e-07 -2.88721e+06)
(-9.7122e+06 -1.43584e+06 3.84635e-06 266937 1.37691e-08 -2.83358e+06)
(-9.53607e+06 -1.43518e+06 7.49787e-09 260764 9.95047e-07 -2.78259e+06)
(-9.35632e+06 -1.43538e+06 0 255914 0 -2.73012e+06)
(-9.17852e+06 -1.43526e+06 -2.10144e-06 250828 -6.50399e-09 -2.67831e+06)
(-8.9998e+06 -1.43527e+06 -7.07618e-09 246003 -1.08249e-06 -2.62614e+06)
(-8.82153e+06 -1.43524e+06 8.85867e-06 241087 2.50042e-08 -2.57413e+06)
(-8.64303e+06 -1.43521e+06 -2.24921e-06 236231 3.40783e-06 -2.52204e+06)
(-8.46465e+06 -1.43517e+06 -4.65347e-06 231351 -1.17689e-06 -2.46999e+06)
(-8.28622e+06 -1.43513e+06 -3.86734e-21 226486 -8.97291e-20 -2.41792e+06)
(-8.10783e+06 -1.4351e+06 4.87444e-06 221609 3.66254e-06 -2.36587e+06)
(-7.92942e+06 -1.43508e+06 9.89993e-06 216728 -2.462e-06 -2.31381e+06)
(-7.75102e+06 -1.43507e+06 -3.05672e-21 211846 -1.68789e-19 -2.26175e+06)
(-7.57262e+06 -1.43505e+06 -5.95404e-09 206971 -1.29099e-06 -2.2097e+06)
(-7.39423e+06 -1.43503e+06 -2.63432e-06 202100 -2.6343e-06 -2.15764e+06)
(-7.21585e+06 -1.43501e+06 2.83677e-08 197230 6.68754e-06 -2.10559e+06)
(-7.03746e+06 -1.435e+06 -2.69134e-06 192354 5.43471e-06 -2.05353e+06)
(-6.85908e+06 -1.435e+06 -4.30139e-21 187470 -9.81881e-20 -2.00148e+06)
(-6.68069e+06 -1.435e+06 5.58903e-06 182588 -2.79667e-06 -1.94943e+06)
(-6.50231e+06 -1.435e+06 1.0225e-08 177717 2.84761e-06 -1.89738e+06)
(-6.32394e+06 -1.43498e+06 -5.75321e-06 172850 2.87899e-06 -1.84533e+06)
(-6.14556e+06 -1.43496e+06 -5.86092e-06 167977 -5.86305e-06 -1.79328e+06)
(-5.96719e+06 -1.43493e+06 9.38352e-09 163096 2.96527e-06 -1.74123e+06)
(-5.78882e+06 -1.4349e+06 -5.98264e-06 158215 2.99404e-06 -1.68918e+06)
(-5.61046e+06 -1.43486e+06 -2.31873e-20 153343 -5.66687e-19 -1.63714e+06)
(-5.43211e+06 -1.43482e+06 3.06646e-06 148476 3.84929e-09 -1.58509e+06)
(-5.25377e+06 -1.4348e+06 -8.26166e-09 143608 -3.10644e-06 -1.53305e+06)
(-5.07542e+06 -1.43479e+06 7.98121e-09 138731 3.13893e-06 -1.48101e+06)
(-4.89707e+06 -1.43479e+06 -6.32785e-06 133844 -6.94028e-09 -1.42897e+06)
(-4.71873e+06 -1.43479e+06 -7.42029e-09 128971 -3.20054e-06 -1.37693e+06)
(-4.54039e+06 -1.43476e+06 -6.45372e-06 124099 -3.2361e-06 -1.32489e+06)
(-4.36205e+06 -1.43473e+06 1.01521e-20 119219 -1.15726e-19 -1.27285e+06)
(-4.18372e+06 -1.4347e+06 3.55352e-21 114346 2.97592e-20 -1.22081e+06)
(-4.0054e+06 -1.43469e+06 -6.60785e-06 109485 -5.67662e-09 -1.16878e+06)
(-3.82707e+06 -1.43468e+06 6.01814e-09 104604 3.33493e-06 -1.11674e+06)
(-3.64874e+06 -1.43467e+06 -3.35781e-06 99721.6 -3.36103e-06 -1.06471e+06)
(-3.47043e+06 -1.43466e+06 5.45732e-09 94857.1 3.38084e-06 -1.01267e+06)
(-3.2921e+06 -1.43463e+06 1.03538e-08 89975.3 6.80422e-06 -960638)
(-3.11379e+06 -1.43463e+06 -3.42078e-06 85103.9 -3.42446e-06 -908606)
(-2.93548e+06 -1.43462e+06 -4.6161e-09 80244 -3.44128e-06 -856570)
(-2.75717e+06 -1.43461e+06 6.90564e-06 75348.1 3.90751e-09 -804545)
(-2.57883e+06 -1.4346e+06 -6.9392e-06 70485.7 -3.65481e-09 -752505)
(-2.40055e+06 -1.43459e+06 -1.11439e-20 65607.4 -5.43905e-24 -700484)
(-2.22221e+06 -1.43458e+06 -6.99611e-06 60762 3.50302e-06 -648435)
(-2.04399e+06 -1.43459e+06 1.60917e-20 55884.6 1.21978e-18 -596433)
(-1.8655e+06 -1.43454e+06 7.0481e-06 51074.3 -3.52925e-06 -544327)
(-1.68763e+06 -1.43462e+06 9.71429e-20 46263 2.20284e-18 -492410)
(-1.50877e+06 -1.43431e+06 2.37299e-09 41851.6 3.55312e-06 -440077)
(-1.33238e+06 -1.4348e+06 -1.0667e-05 37453.1 -2.83726e-09 -388477)
(-1.1527e+06 -1.43177e+06 -3.62844e-09 33874.8 -7.13971e-06 -335648)
(-979247 -1.4356e+06 -7.14035e-06 30270.3 -1.39872e-09 -284693)
(-804456 -1.41629e+06 -4.0261e-21 19642.3 -1.5908e-19 -235444)
(-572197 -1.45186e+06 -8.93327e-10 5937.04 -3.58657e-06 -169878)
(-388946 -1.48779e+06 -7.1653e-06 5492.23 7.17919e-06 -115036)
(-210133 -1.50013e+06 1.24323e-21 26553.8 -3.19043e-19 -55073.9)
(-20350.8 -1.27139e+06 -3.58626e-06 136913 -7.18401e-06 34968.6)
(1.4018e+07 -2.53454e+06 -1.43282e-07 1.12157e+06 1.69193e-07 4.54187e+06)
(1.4313e+07 -772596 -4.392e-07 -150273 -4.25674e-07 4.24881e+06)
(1.39865e+07 -1.6649e+06 5.13886e-07 -345684 -8.10323e-07 4.09223e+06)
(1.37038e+07 -1.53215e+06 -1.07801e-08 -390711 1.55872e-07 3.99393e+06)
(1.35181e+07 -1.43777e+06 -4.22652e-07 -373763 6.05305e-07 3.94329e+06)
(1.33112e+07 -1.45891e+06 9.60395e-07 -366347 -2.59594e-07 3.88346e+06)
(1.31362e+07 -1.4321e+06 -6.20162e-07 -359713 1.70296e-06 3.83294e+06)
(1.2953e+07 -1.43957e+06 -2.57101e-06 -354146 3.60015e-07 3.77966e+06)
(1.27752e+07 -1.435e+06 -1.38199e-06 -349240 -2.16439e-06 3.72779e+06)
(1.25965e+07 -1.43638e+06 -8.20719e-07 -344118 8.16216e-07 3.67572e+06)
(1.2417e+07 -1.43573e+06 -2.63873e-06 -339486 2.63971e-08 3.62324e+06)
(1.22407e+07 -1.43555e+06 -9.57119e-07 -333924 8.67294e-09 3.57202e+06)
(1.20568e+07 -1.43591e+06 2.84398e-08 -330064 -1.55987e-06 3.51801e+06)
(1.18885e+07 -1.43309e+06 1.10884e-06 -323209 -8.42167e-09 3.46957e+06)
(1.16875e+07 -1.43686e+06 -2.38439e-06 -325805 1.20597e-06 3.40849e+06)
(1.15611e+07 -1.41789e+06 2.72752e-08 -321170 -1.8936e-06 3.37197e+06)
(1.13267e+07 -1.46192e+06 6.63059e-06 -385044 6.26481e-07 3.28251e+06)
(1.13538e+07 -1.38234e+06 -2.68281e-08 -357212 2.10778e-06 3.29899e+06)
(1.13802e+07 -1.62536e+06 1.44932e-06 -117930 1.46654e-06 3.37867e+06)
(1.08161e+07 -1.51547e+06 1.69998e-08 -282401 -1.54253e-06 3.16012e+06)
(1.05682e+07 -1.46943e+06 -4.79392e-06 -333133 -1.58737e-06 3.07052e+06)
(1.04294e+07 -1.46741e+06 3.33936e-06 -261521 -1.47077e-08 3.05035e+06)
(1.02293e+07 -1.43837e+06 6.94727e-06 -275099 -8.99564e-07 2.98626e+06)
(1.00739e+07 -1.44086e+06 1.49209e-21 -267895 1.20181e-20 2.94179e+06)
(9.88931e+06 -1.43535e+06 -7.77511e-09 -268942 9.33944e-07 2.88611e+06)
(9.71631e+06 -1.43611e+06 -5.76189e-06 -264219 -9.44128e-07 2.83563e+06)
(9.53588e+06 -1.43524e+06 -2.11295e-21 -260560 -1.69554e-22 2.7826e+06)
(9.3586e+06 -1.43539e+06 -7.35822e-09 -255577 1.02476e-06 2.73091e+06)
(9.17958e+06 -1.43525e+06 2.087e-06 -250905 2.10131e-06 2.6786e+06)
(9.0014e+06 -1.43527e+06 1.33641e-20 -245968 6.72606e-20 2.62663e+06)
(8.82281e+06 -1.43523e+06 -6.63013e-06 -241131 -2.20229e-06 2.5745e+06)
(8.64443e+06 -1.43521e+06 2.24241e-06 -236234 4.54582e-06 2.52246e+06)
(8.46595e+06 -1.43517e+06 -4.64682e-06 -231361 1.19981e-08 2.47038e+06)
(8.28753e+06 -1.43513e+06 -7.08267e-06 -226474 -8.32102e-06 2.41832e+06)
(8.10909e+06 -1.4351e+06 4.85532e-06 -221598 -1.14923e-08 2.36625e+06)
(7.93068e+06 -1.43508e+06 -1.24711e-08 -216726 2.48447e-06 2.31419e+06)
(7.75226e+06 -1.43507e+06 2.50304e-06 -211857 5.06209e-06 2.26212e+06)
(7.57384e+06 -1.43506e+06 -5.15719e-06 -206980 1.30173e-06 2.21006e+06)
(7.39542e+06 -1.43503e+06 -2.59943e-06 -202099 -5.25289e-06 2.158e+06)
(7.21701e+06 -1.43501e+06 2.66864e-06 -197218 -5.11403e-09 2.10594e+06)
(7.0386e+06 -1.435e+06 1.08428e-05 -192343 2.6999e-06 2.05388e+06)
(6.8602e+06 -1.435e+06 5.50358e-06 -187475 2.75383e-06 2.00182e+06)
(6.68179e+06 -1.43501e+06 1.11886e-05 -182605 2.7872e-06 1.94976e+06)
(6.50339e+06 -1.435e+06 8.51348e-06 -177725 2.83378e-06 1.8977e+06)
(6.32498e+06 -1.43499e+06 5.7731e-06 -172843 -2.89691e-06 1.84564e+06)
(6.14658e+06 -1.43496e+06 5.86093e-06 -167967 -5.86305e-06 1.79358e+06)
(5.96819e+06 -1.43494e+06 5.90841e-06 -163099 2.95681e-06 1.74153e+06)
(5.7898e+06 -1.4349e+06 5.99174e-06 -158230 -8.20544e-09 1.68947e+06)
(5.61141e+06 -1.43486e+06 1.2149e-05 -153350 -7.61115e-06 1.63742e+06)
(5.43302e+06 -1.43482e+06 1.83987e-05 -148467 -2.30993e-08 1.58537e+06)
(5.25464e+06 -1.4348e+06 6.18774e-06 -143585 4.65221e-06 1.53332e+06)
(5.07627e+06 -1.4348e+06 6.24915e-06 -138712 6.27066e-06 1.48127e+06)
(4.8979e+06 -1.4348e+06 6.32785e-06 -133851 -6.94141e-09 1.42921e+06)
(4.71953e+06 -1.43479e+06 1.59708e-05 -128976 -1.67215e-08 1.37717e+06)
(4.54116e+06 -1.43477e+06 7.14104e-09 -124101 -3.22966e-06 1.32512e+06)
(4.3628e+06 -1.43473e+06 6.50944e-06 -119233 -3.26385e-06 1.27307e+06)
(4.18443e+06 -1.4347e+06 6.54976e-06 -114355 3.27861e-06 1.22102e+06)
(4.00606e+06 -1.4347e+06 -1.25992e-08 -109464 6.6206e-06 1.16898e+06)
(3.82771e+06 -1.43469e+06 1.66488e-05 -104600 -3.3485e-06 1.11693e+06)
(3.64937e+06 -1.43468e+06 2.00854e-08 -99738.5 -1.17546e-05 1.06489e+06)
(3.471e+06 -1.43466e+06 -5.45821e-09 -94854.5 3.38084e-06 1.01285e+06)
(3.29265e+06 -1.43463e+06 6.78889e-06 -89980.7 1.69639e-06 960802)
(3.11431e+06 -1.43463e+06 2.05002e-05 -85107.7 -3.4355e-06 908760)
(2.93596e+06 -1.43463e+06 1.717e-05 -80224.1 3.43088e-06 856722)
(2.75761e+06 -1.43461e+06 -4.3364e-09 -75374.7 3.45919e-06 804672)
(2.57928e+06 -1.43461e+06 1.38784e-05 -70483.1 -7.3108e-09 752640)
(2.40092e+06 -1.4346e+06 6.96675e-06 -65612.8 3.48823e-06 700591)
(2.22261e+06 -1.43459e+06 3.88556e-21 -60717.3 -1.74853e-24 648569)
(2.04418e+06 -1.43459e+06 2.10858e-05 -55855.5 -7.04788e-06 596498)
(1.86601e+06 -1.43452e+06 4.40142e-09 -50916.3 -5.29783e-06 544528)
(1.68727e+06 -1.43457e+06 1.41415e-05 -46040.4 7.08135e-06 492369)
(1.50941e+06 -1.43424e+06 7.08994e-06 -40754.5 5.32754e-06 440595)
(1.32931e+06 -1.43445e+06 2.13362e-05 -36081 -3.5677e-06 387970)
(1.1527e+06 -1.43289e+06 1.78157e-05 -29852.3 3.56579e-06 336854)
(970244 -1.43367e+06 -7.14189e-06 -29440 3.57793e-06 282241)
(796594 -1.43334e+06 1.25111e-09 -19440 -3.58213e-06 233146)
(636569 -1.43447e+06 7.16141e-06 -5070.91 -3.58744e-06 189450)
(434006 -1.46719e+06 -6.82571e-10 -11995.3 3.58987e-06 126603)
(204166 -1.49627e+06 1.43418e-05 -30428.9 -7.3319e-10 52121)
(28621.6 -1.26982e+06 6.76352e-11 -136287 -3.59178e-06 -32299.6)
(4.28502e+07 -3.81956e+06 -1.91032e-07 4.39141e+06 1.80047e-07 1.41725e+07)
(4.3395e+07 -718214 2.00593e-07 878380 -4.01742e-07 1.3282e+07)
(4.26141e+07 -1.36201e+06 -1.09913e-06 614339 1.37159e-07 1.29685e+07)
(4.17403e+07 -1.30919e+06 -9.17389e-07 454319 8.12955e-08 1.26584e+07)
(4.12389e+07 -1.23427e+06 6.37542e-08 516392 -3.96997e-07 1.25266e+07)
(4.06132e+07 -1.2667e+06 -9.51359e-07 513998 5.25098e-08 1.23382e+07)
(4.00881e+07 -1.24579e+06 -6.20855e-07 515848 5.90323e-07 1.21812e+07)
(3.95301e+07 -1.25356e+06 1.2207e-06 510344 5.95392e-07 1.20121e+07)
(3.89891e+07 -1.2499e+06 -1.32311e-06 503967 -1.40437e-06 1.18479e+07)
(3.84427e+07 -1.25117e+06 -1.54379e-06 497252 -7.57493e-07 1.1682e+07)
(3.78974e+07 -1.25065e+06 2.64082e-06 490033 -7.34493e-08 1.15162e+07)
(3.73545e+07 -1.25037e+06 0 483602 0 1.13514e+07)
(3.68058e+07 -1.25082e+06 3.13114e-06 475757 -5.91228e-07 1.11845e+07)
(3.62699e+07 -1.24768e+06 -2.27513e-06 470560 1.16193e-06 1.10221e+07)
(3.57131e+07 -1.25271e+06 -2.33408e-21 459390 7.85487e-21 1.08517e+07)
(3.52048e+07 -1.23585e+06 -1.12075e-06 455241 -3.13295e-06 1.0698e+07)
(3.46405e+07 -1.2775e+06 -2.67796e-08 424574 6.67136e-07 1.05195e+07)
(3.41915e+07 -1.2647e+06 -5.2841e-08 455266 1.40513e-06 1.0394e+07)
(3.36596e+07 -1.2959e+06 2.60119e-08 440900 -7.37103e-07 1.02302e+07)
(3.29403e+07 -1.2636e+06 2.99699e-06 376372 2.27076e-06 9.99499e+06)
(3.23952e+07 -1.27057e+06 -3.23349e-06 414248 8.46806e-07 9.84283e+06)
(3.18332e+07 -1.28336e+06 4.91957e-08 424895 -1.67607e-06 9.67743e+06)
(3.12797e+07 -1.25618e+06 0 409817 0 9.50686e+06)
(3.07419e+07 -1.25726e+06 -1.79941e-06 402831 1.98521e-08 9.34341e+06)
(3.01925e+07 -1.25104e+06 -4.66678e-08 391568 1.86776e-06 9.17522e+06)
(2.96508e+07 -1.25129e+06 -3.84774e-06 384449 3.83077e-08 9.01058e+06)
(2.91044e+07 -1.25031e+06 -1.93943e-06 376448 -1.97117e-06 8.84426e+06)
(2.85607e+07 -1.2504e+06 2.2073e-08 369525 -1.02469e-06 8.67906e+06)
(2.80155e+07 -1.25026e+06 -4.20427e-06 362311 3.61979e-08 8.51335e+06)
(2.74711e+07 -1.25028e+06 4.25493e-06 355324 3.2118e-06 8.34794e+06)
(2.69264e+07 -1.25026e+06 -4.40992e-06 348244 -1.07567e-06 8.18239e+06)
(2.63818e+07 -1.25024e+06 2.22952e-06 341216 2.2588e-06 8.01692e+06)
(2.58372e+07 -1.25021e+06 -5.99048e-08 334168 3.49448e-06 7.85142e+06)
(2.52927e+07 -1.25017e+06 -4.67539e-06 327135 -4.732e-06 7.68594e+06)
(2.47481e+07 -1.25015e+06 -4.85671e-06 320093 3.19761e-08 7.52046e+06)
(2.42036e+07 -1.25013e+06 -4.93888e-06 313048 -1.2109e-06 7.35499e+06)
(2.36591e+07 -1.25013e+06 -3.65697e-08 306000 2.53367e-06 7.18952e+06)
(2.31145e+07 -1.25012e+06 1.02874e-05 298957 1.2312e-06 7.02405e+06)
(2.257e+07 -1.2501e+06 8.7216e-08 291918 -6.57234e-06 6.85858e+06)
(2.20255e+07 -1.25008e+06 1.4775e-21 284881 -4.15812e-20 6.69312e+06)
(2.1481e+07 -1.25007e+06 -4.98048e-08 277839 4.07958e-06 6.52766e+06)
(2.09366e+07 -1.25007e+06 -4.88022e-21 270791 2.45667e-20 6.36221e+06)
(2.03921e+07 -1.25008e+06 5.64821e-06 263744 -4.23537e-06 6.19675e+06)
(1.98476e+07 -1.25008e+06 5.6225e-06 256704 5.66932e-06 6.03129e+06)
(1.93031e+07 -1.25007e+06 -4.47552e-08 249666 4.33173e-06 5.86584e+06)
(1.87587e+07 -1.25005e+06 5.79904e-08 242624 -5.85409e-06 5.70039e+06)
(1.82142e+07 -1.25002e+06 -2.81537e-08 235574 2.96514e-06 5.53494e+06)
(1.76698e+07 -1.25e+06 -4.29718e-21 228527 1.06669e-19 5.36949e+06)
(1.71254e+07 -1.24996e+06 5.29412e-08 221490 -6.07594e-06 5.20405e+06)
(1.6581e+07 -1.24993e+06 -3.09278e-06 214459 3.08342e-06 5.03862e+06)
(1.60366e+07 -1.24991e+06 -2.47877e-08 207425 3.10631e-06 4.8732e+06)
(1.54922e+07 -1.24991e+06 -2.39462e-08 200383 3.1388e-06 4.70777e+06)
(1.49478e+07 -1.24991e+06 3.46572e-08 193331 -4.75525e-06 4.54234e+06)
(1.44034e+07 -1.24991e+06 6.38972e-06 186289 -1.86101e-08 4.37692e+06)
(1.38591e+07 -1.24988e+06 -6.45868e-06 179245 1.63267e-06 4.2115e+06)
(1.33147e+07 -1.24985e+06 -6.48339e-06 172199 -3.24033e-06 4.04608e+06)
(1.27704e+07 -1.24983e+06 -1.97392e-08 165167 3.28442e-06 3.88067e+06)
(1.22261e+07 -1.24983e+06 2.83466e-08 158144 -4.96526e-06 3.71526e+06)
(1.16817e+07 -1.24982e+06 6.64046e-06 151091 3.31971e-06 3.54985e+06)
(1.11374e+07 -1.24981e+06 -2.58226e-08 144036 5.03748e-06 3.38444e+06)
(1.05931e+07 -1.2498e+06 6.75033e-06 137007 -1.3687e-08 3.21903e+06)
(1.00488e+07 -1.24978e+06 1.55324e-08 129973 -3.40198e-06 3.05363e+06)
(9.50451e+06 -1.24978e+06 3.67277e-08 122931 -8.55533e-06 2.88823e+06)
(8.96023e+06 -1.24977e+06 -2.76996e-08 115892 6.88232e-06 2.72284e+06)
(8.41593e+06 -1.24976e+06 -6.91353e-06 108835 1.74041e-06 2.55743e+06)
(7.87165e+06 -1.24976e+06 1.21672e-08 101819 -3.47585e-06 2.39204e+06)
(7.32736e+06 -1.24975e+06 -2.26517e-08 94772.1 6.98302e-06 2.22664e+06)
(6.78313e+06 -1.24974e+06 1.04847e-08 87744.7 -3.50605e-06 2.06126e+06)
(6.23879e+06 -1.24974e+06 3.74484e-20 80697.2 1.20741e-21 1.89585e+06)
(5.69466e+06 -1.24966e+06 -7.05243e-06 73712.7 7.35767e-09 1.73051e+06)
(5.15017e+06 -1.24968e+06 -3.52943e-06 66672.7 -3.53961e-06 1.56505e+06)
(4.60632e+06 -1.24929e+06 7.09488e-06 59956.7 -5.95047e-09 1.39988e+06)
(4.06138e+06 -1.24937e+06 -7.10333e-06 52977.9 -5.33764e-06 1.23431e+06)
(3.51798e+06 -1.2477e+06 7.11751e-06 46853.2 7.13492e-06 1.06945e+06)
(2.97321e+06 -1.2488e+06 -1.14872e-08 39656.4 8.94106e-06 903860)
(2.42766e+06 -1.24991e+06 7.16042e-06 33166.4 -7.16715e-06 738249)
(1.88147e+06 -1.25095e+06 1.07456e-05 36696.1 -3.59003e-06 575449)
(1.31347e+06 -1.25976e+06 -2.01715e-09 36618.2 3.58974e-06 405026)
(671920 -1.28846e+06 7.1727e-06 -6432.49 -9.15173e-10 199646)
(112543 -1.15116e+06 -3.58725e-06 -320119 1.14507e-09 -62272.9)
(7.09684e+07 -5.10618e+06 -2.17213e-07 3.56806e+06 1.44437e-07 2.23609e+07)
(7.09456e+07 -600296 7.7561e-07 -692415 -3.77319e-07 2.1076e+07)
(7.008e+07 -758982 -2.25585e-07 -869517 -3.55269e-07 2.07631e+07)
(6.86744e+07 -907864 8.29472e-07 -996381 -7.17315e-07 2.03034e+07)
(6.79233e+07 -857590 -2.4637e-06 -942619 6.76991e-07 2.00942e+07)
(6.69129e+07 -908890 -9.54048e-07 -926301 9.20254e-08 1.9796e+07)
(6.60504e+07 -896800 -1.03269e-07 -909960 5.64192e-07 1.95421e+07)
(6.5134e+07 -904728 1.18261e-06 -896246 5.5668e-07 1.92713e+07)
(6.42422e+07 -902477 -1.34584e-06 -883780 -6.38812e-07 1.90075e+07)
(6.33419e+07 -903531 1.4855e-07 -871138 -1.21041e-06 1.87412e+07)
(6.2444e+07 -903210 2.7424e-06 -859011 -1.01439e-06 1.84755e+07)
(6.15478e+07 -903058 2.87739e-06 -846216 -1.26943e-07 1.82105e+07)
(6.06465e+07 -903538 4.74099e-08 -834839 -5.19781e-07 1.79435e+07)
(5.97558e+07 -901895 -1.40139e-07 -821046 1.67228e-06 1.76804e+07)
(5.88476e+07 -907033 -4.60049e-08 -814163 5.9452e-07 1.741e+07)
(5.79693e+07 -900904 1.35951e-07 -798061 -1.89311e-06 1.71514e+07)
(5.7058e+07 -936058 9.14838e-21 -811379 4.22353e-21 1.6874e+07)
(5.6161e+07 -934609 -1.31717e-07 -779872 2.10727e-06 1.66143e+07)
(5.52666e+07 -928159 2.80585e-21 -689081 1.56786e-19 1.63733e+07)
(5.42938e+07 -896647 -1.53815e-06 -749044 3.73312e-08 1.60634e+07)
(5.33898e+07 -921113 -3.2111e-06 -748482 7.34562e-08 1.57924e+07)
(5.24614e+07 -923354 -3.26144e-06 -714887 -1.60372e-06 1.5524e+07)
(5.15505e+07 -908534 1.73681e-06 -709982 -3.54431e-08 1.52521e+07)
(5.06531e+07 -908067 -7.20292e-06 -694156 1.39283e-07 1.49877e+07)
(4.97504e+07 -903702 -3.80483e-06 -684370 1.93595e-06 1.47198e+07)
(4.88548e+07 -903698 -3.85038e-06 -671428 6.71748e-08 1.4455e+07)
(4.79557e+07 -902983 7.49776e-08 -659673 -1.98974e-06 1.41888e+07)
(4.70591e+07 -903048 1.97158e-06 -647156 2.01681e-06 1.39236e+07)
(4.61612e+07 -902957 -1.05173e-05 -634930 1.58682e-07 1.36579e+07)
(4.52641e+07 -902982 -4.32125e-06 -622538 6.22391e-08 1.33925e+07)
(4.43666e+07 -902969 4.46804e-06 -610224 -1.17135e-06 1.31269e+07)
(4.34693e+07 -902964 -1.1426e-05 -597870 2.42505e-06 1.28614e+07)
(4.2572e+07 -902942 1.15273e-05 -585533 3.3478e-06 1.25959e+07)
(4.16747e+07 -902920 4.9191e-06 -573184 -6.01259e-06 1.23305e+07)
(4.07774e+07 -902904 -4.85934e-06 -560842 5.60699e-08 1.2065e+07)
(3.98802e+07 -902897 -4.53394e-21 -548503 -6.61218e-20 1.17995e+07)
(3.8983e+07 -902896 -2.46848e-06 -536167 -2.50664e-06 1.1534e+07)
(3.80858e+07 -902890 1.80136e-05 -523827 1.10753e-06 1.12686e+07)
(3.71886e+07 -902878 -5.24941e-06 -511486 5.11352e-08 1.10031e+07)
(3.62914e+07 -902866 -8.01197e-06 -499143 7.48523e-08 1.07377e+07)
(3.53943e+07 -902864 2.66015e-06 -486804 2.69516e-06 1.04722e+07)
(3.44971e+07 -902870 5.51839e-06 -474468 -4.74343e-08 1.02068e+07)
(3.36e+07 -902877 2.80178e-06 -462132 -2.31004e-08 9.94135e+06)
(3.27028e+07 -902878 -8.632e-06 -449792 5.76196e-06 9.67591e+06)
(3.18057e+07 -902870 2.01851e-05 -437450 -1.53068e-07 9.41048e+06)
(3.09086e+07 -902859 5.94227e-06 -425112 -5.89614e-06 9.14505e+06)
(3.00115e+07 -902845 -4.69222e-08 -412777 2.96492e-06 8.87962e+06)
(2.91144e+07 -902828 2.09852e-05 -400440 -1.40116e-07 8.6142e+06)
(2.82174e+07 -902806 -5.97924e-06 -388098 -6.03669e-06 8.34879e+06)
(2.73204e+07 -902782 9.20541e-06 -375755 -5.63492e-08 8.08339e+06)
(2.64234e+07 -902771 9.26492e-06 -363415 3.05159e-06 7.818e+06)
(2.55264e+07 -902772 6.18931e-06 -351081 6.24205e-06 7.55261e+06)
(2.46295e+07 -902775 1.58682e-05 -338752 -3.25461e-06 7.28722e+06)
(2.37325e+07 -902775 -9.62564e-06 -326416 3.24914e-06 7.02183e+06)
(2.28356e+07 -902762 2.25414e-05 -314081 3.11941e-06 6.75644e+06)
(2.19386e+07 -902741 3.3219e-06 -301745 -6.5297e-06 6.49107e+06)
(2.10417e+07 -902728 6.56036e-06 -289402 -2.89329e-08 6.2257e+06)
(2.01448e+07 -902727 6.58038e-06 -277058 3.28225e-06 5.96034e+06)
(1.9248e+07 -902720 -3.30048e-06 -264735 -3.32135e-06 5.69497e+06)
(1.83511e+07 -902716 2.3579e-05 -252408 -1.18417e-05 5.42961e+06)
(1.74542e+07 -902716 1.68551e-05 -240062 3.32049e-06 5.16425e+06)
(1.65574e+07 -902696 1.35522e-05 -227722 5.0571e-06 4.8989e+06)
(1.56606e+07 -902693 2.44849e-08 -215394 -3.42191e-06 4.63355e+06)
(1.47637e+07 -902695 -1.03569e-05 -203060 6.91232e-06 4.3682e+06)
(1.38669e+07 -902688 2.41621e-05 -190731 3.3921e-06 4.10285e+06)
(1.29701e+07 -902687 3.49189e-06 -178379 -3.48454e-06 3.83752e+06)
(1.20733e+07 -902679 6.95567e-06 -166054 3.47468e-06 3.57217e+06)
(1.11765e+07 -902675 1.75091e-05 -153714 -3.84199e-08 3.30685e+06)
(1.02797e+07 -902678 -7.01439e-06 -141392 -3.50511e-06 3.04148e+06)
(9.38301e+06 -902623 1.76523e-05 -129021 -3.56379e-06 2.7762e+06)
(8.48606e+06 -902621 1.06161e-05 -116731 -1.75029e-08 2.5108e+06)
(7.58973e+06 -902336 1.06225e-05 -104204 7.08988e-06 2.24566e+06)
(6.69264e+06 -902261 1.04638e-08 -92087.8 -3.5617e-06 1.98017e+06)
(5.79701e+06 -901154 -3.5655e-06 -79040.4 3.98444e-09 1.71539e+06)
(4.90031e+06 -900705 1.78533e-05 -67742.8 3.55935e-06 1.44977e+06)
(4.00353e+06 -899986 2.86378e-05 -52607.4 -8.97642e-06 1.18528e+06)
(3.09783e+06 -892980 2.23719e-20 -32855.6 3.97498e-19 919493)
(2.18693e+06 -874912 7.16611e-06 -20498 5.38127e-06 649928)
(1.18981e+06 -889764 1.07622e-05 -58712.2 3.58933e-06 339330)
(275698 -881290 5.38492e-06 -434996 -3.5962e-06 -47789.2)
(1.02912e+08 -4.92646e+06 5.77425e-07 4.7267e+06 -2.09882e-07 3.22917e+07)
(9.80196e+07 -320064 1.57233e-08 1.47745e+06 -3.70346e-08 2.98491e+07)
(9.92256e+07 -170879 2.19684e-07 1.83668e+06 1.05773e-07 3.03187e+07)
(9.71694e+07 -307323 -2.15727e-06 1.72274e+06 4.97099e-07 2.96676e+07)
(9.63534e+07 -293254 6.41506e-07 1.74522e+06 1.36706e-07 2.94296e+07)
(9.49465e+07 -319930 1.39776e-06 1.7212e+06 -7.81556e-07 2.90003e+07)
(9.37386e+07 -317165 -2.10502e-06 1.70123e+06 -1.62306e-07 2.8632e+07)
(9.24429e+07 -320516 1.00371e-06 1.67841e+06 5.86877e-07 2.82364e+07)
(9.11777e+07 -319956 1.59129e-06 1.65543e+06 -4.21542e-07 2.78499e+07)
(8.99005e+07 -320341 -1.12498e-06 1.6324e+06 -1.35411e-06 2.74599e+07)
(8.86265e+07 -320274 -6.86528e-06 1.60918e+06 -4.37764e-07 2.70707e+07)
(8.73537e+07 -320178 -6.93137e-06 1.58627e+06 9.17096e-07 2.6682e+07)
(8.60764e+07 -320383 -5.32149e-06 1.56285e+06 6.56859e-07 2.62918e+07)
(8.48085e+07 -319623 -6.80903e-06 1.54059e+06 7.19528e-07 2.59047e+07)
(8.35256e+07 -321609 -5.23563e-21 1.5165e+06 6.00083e-21 2.55126e+07)
(8.226e+07 -319488 -5.98414e-06 1.49613e+06 -1.44592e-06 2.51268e+07)
(8.09683e+07 -332826 -1.07199e-05 1.46904e+06 5.40024e-07 2.47312e+07)
(7.96274e+07 -340147 -5.73453e-06 1.44791e+06 8.03805e-07 2.43226e+07)
(7.82926e+07 -326425 -4.41633e-06 1.40821e+06 7.49469e-08 2.39102e+07)
(7.70331e+07 -309250 -6.45849e-06 1.38304e+06 2.0255e-06 2.35248e+07)
(7.57781e+07 -324122 3.09872e-06 1.37751e+06 7.5628e-07 2.31467e+07)
(7.44562e+07 -327797 -3.06088e-06 1.3528e+06 -2.04679e-06 2.27427e+07)
(7.3171e+07 -322194 -8.80796e-06 1.32888e+06 9.86918e-07 2.235e+07)
(7.18902e+07 -322280 -1.66305e-07 1.30593e+06 1.35328e-06 2.19588e+07)
(7.06113e+07 -320535 -3.73145e-06 1.28204e+06 4.50439e-08 2.1568e+07)
(6.93384e+07 -320566 3.96171e-06 1.25913e+06 -1.00864e-06 2.11793e+07)
(6.80632e+07 -320287 -7.6893e-06 1.23581e+06 -2.39985e-06 2.07897e+07)
(6.67903e+07 -320329 -1.04428e-05 1.21277e+06 2.15529e-06 2.04009e+07)
(6.55162e+07 -320298 4.05973e-06 1.1896e+06 1.53851e-06 2.00117e+07)
(6.42428e+07 -320316 -4.12749e-06 1.16649e+06 -2.12327e-06 1.96228e+07)
(6.29691e+07 -320317 -4.53486e-06 1.14336e+06 1.15032e-06 1.92337e+07)
(6.16956e+07 -320323 -2.22623e-06 1.12024e+06 -5.4913e-07 1.88447e+07)
(6.0422e+07 -320322 -2.14125e-06 1.09711e+06 -2.30977e-06 1.84557e+07)
(5.91485e+07 -320322 -4.89743e-06 1.07399e+06 1.82403e-06 1.80667e+07)
(5.7875e+07 -320322 -7.38485e-06 1.05087e+06 1.27202e-06 1.76778e+07)
(5.66016e+07 -320325 8.72919e-08 1.02774e+06 -1.24187e-06 1.72888e+07)
(5.53282e+07 -320330 -1.24448e-05 1.00462e+06 -3.07808e-06 1.68998e+07)
(5.40548e+07 -320334 -1.81421e-05 981498 1.41131e-06 1.65109e+07)
(5.27814e+07 -320337 -5.4573e-06 958377 3.31907e-06 1.61219e+07)
(5.15081e+07 -320338 -5.22655e-06 935258 -1.97285e-06 1.5733e+07)
(5.02347e+07 -320342 -1.35109e-05 912137 -1.27944e-06 1.53441e+07)
(4.89614e+07 -320348 -5.52278e-06 889016 3.12331e-08 1.49551e+07)
(4.76881e+07 -320356 -1.40934e-05 865894 1.47875e-06 1.45662e+07)
(4.64148e+07 -320361 7.15817e-08 842774 -1.42343e-06 1.41773e+07)
(4.51415e+07 -320363 -8.58773e-06 819655 -1.40041e-06 1.37884e+07)
(4.38683e+07 -320363 -5.95149e-06 796536 2.22281e-06 1.33994e+07)
(4.2595e+07 -320364 -1.17539e-05 773416 -2.16905e-06 1.30105e+07)
(4.13218e+07 -320366 -9.06396e-06 750299 1.54029e-06 1.26216e+07)
(4.00487e+07 -320365 -6.07186e-06 727184 2.55475e-08 1.22328e+07)
(3.87755e+07 -320363 -2.14049e-05 704070 -2.21749e-06 1.18439e+07)
(3.75025e+07 -320363 -1.56081e-05 680954 2.38908e-06 1.1455e+07)
(3.62294e+07 -320364 -6.27352e-06 657836 2.31112e-08 1.10662e+07)
(3.49564e+07 -320368 -3.22204e-06 634716 1.59593e-06 1.06773e+07)
(3.36833e+07 -320372 -6.3448e-06 611600 -1.57841e-06 1.02885e+07)
(3.24103e+07 -320372 -3.15252e-06 588486 -2.41135e-06 9.89962e+06)
(3.11373e+07 -320371 -9.83852e-06 565375 2.47249e-06 9.51079e+06)
(2.98643e+07 -320373 -6.58778e-06 542265 8.40001e-07 9.12197e+06)
(2.85914e+07 -320374 -6.61627e-06 519152 1.82388e-08 8.73316e+06)
(2.73184e+07 -320371 6.31964e-08 496031 -2.50065e-06 8.34434e+06)
(2.60455e+07 -320375 -2.34337e-05 472917 -2.46013e-06 7.95553e+06)
(2.47726e+07 -320381 -3.3844e-05 449811 2.61409e-06 7.56673e+06)
(2.34997e+07 -320375 -6.85425e-06 426700 2.56602e-06 7.17793e+06)
(2.22269e+07 -320375 -1.37146e-05 403582 1.73912e-06 6.78914e+06)
(2.0954e+07 -320380 -6.82976e-06 380470 -2.56704e-06 6.40035e+06)
(1.96812e+07 -320384 -1.03255e-05 357358 -2.575e-06 6.01156e+06)
(1.84083e+07 -320384 -1.0464e-05 334254 2.62404e-06 5.62278e+06)
(1.71355e+07 -320379 -6.97894e-06 311139 1.0931e-08 5.23399e+06)
(1.58627e+07 -320381 -3.52847e-06 288028 1.75778e-06 4.84523e+06)
(1.45899e+07 -320386 -3.89015e-20 264908 -1.6434e-19 4.45643e+06)
(1.33172e+07 -320364 -1.05378e-05 241819 -4.40119e-06 4.0677e+06)
(1.20443e+07 -320366 -2.47863e-05 218700 2.68912e-08 3.6789e+06)
(1.0772e+07 -320246 -1.06778e-05 195642 2.67459e-06 3.29029e+06)
(9.49946e+06 -320216 -7.3251e-09 172540 8.90327e-07 2.9016e+06)
(8.22817e+06 -319694 -1.42644e-05 149591 -8.81782e-07 2.51333e+06)
(6.95835e+06 -319465 -3.55292e-06 126831 -3.57359e-06 2.12555e+06)
(5.68953e+06 -318513 -2.14842e-05 103657 9.06233e-07 1.73796e+06)
(4.42359e+06 -313262 -1.79358e-05 83480.1 3.59286e-06 1.35212e+06)
(3.18972e+06 -297301 -7.17315e-06 68222 -8.95263e-07 977383)
(2.01098e+06 -307097 -1.07696e-05 47510.4 -8.96042e-07 617546)
(735931 -461027 -1.79859e-06 -192226 5.3935e-06 163112)
)
;

boundaryField
{
    top
    {
        type            calculated;
        value           nonuniform List<symmTensor> 
80
(
(1.00887e+08 -16.45 5.77425e-07 16.7993 -1.99774e-13 3.0266e+07)
(9.73864e+07 -19.8152 1.57233e-08 11.5037 -5.2292e-14 2.92159e+07)
(9.84385e+07 -29.5483 2.19684e-07 10.0886 1.19182e-13 2.95316e+07)
(9.64311e+07 -37.9156 -2.15727e-06 9.89171 5.76418e-13 2.89293e+07)
(9.56055e+07 -46.6474 6.41506e-07 10.0411 1.24123e-13 2.86816e+07)
(9.42088e+07 -55.9613 1.39776e-06 10.0979 -8.31031e-13 2.82626e+07)
(9.30095e+07 -65.9231 -2.10502e-06 10.0829 -1.16214e-13 2.79029e+07)
(9.17236e+07 -76.4793 1.00371e-06 9.92174 5.87332e-13 2.75171e+07)
(9.04682e+07 -87.6508 1.59129e-06 9.7353 -4.84321e-13 2.71405e+07)
(8.92009e+07 -99.2963 -1.12498e-06 9.70757 -1.44672e-12 2.67603e+07)
(8.79369e+07 -110.92 -6.86528e-06 9.9116 -3.52143e-13 2.63811e+07)
(8.66739e+07 -121.815 -6.93137e-06 10.3014 1.14392e-12 2.60022e+07)
(8.54066e+07 -131.474 -5.32149e-06 10.7949 8.12944e-13 2.5622e+07)
(8.41482e+07 -140.046 -6.80903e-06 11.2567 8.85906e-13 2.52445e+07)
(8.28757e+07 -148.285 -5.23563e-21 11.4902 6.69406e-27 2.48627e+07)
(8.16188e+07 -157.242 -5.98414e-06 11.3871 -1.528e-12 2.44857e+07)
(8.03387e+07 -167.622 -1.07199e-05 11.0045 7.32913e-13 2.41016e+07)
(7.90069e+07 -179.349 -5.73453e-06 10.5224 9.85824e-13 2.37021e+07)
(7.7689e+07 -191.727 -4.41633e-06 10.1709 1.47498e-13 2.33067e+07)
(7.64403e+07 -203.908 -6.45849e-06 10.1229 2.46236e-12 2.29321e+07)
(7.51878e+07 -214.833 3.09872e-06 10.3979 8.572e-13 2.25563e+07)
(7.38764e+07 -223.964 -3.06088e-06 10.8641 -2.39407e-12 2.21629e+07)
(7.26015e+07 -232.083 -8.80796e-06 11.285 1.25035e-12 2.17805e+07)
(7.13306e+07 -240.717 -1.66305e-07 11.4064 1.6035e-12 2.13992e+07)
(7.00618e+07 -251.072 -3.73145e-06 11.1554 8.83819e-14 2.10186e+07)
(6.87988e+07 -263.277 3.96171e-06 10.6962 -1.26288e-12 2.06396e+07)
(6.75336e+07 -276.027 -7.6893e-06 10.3205 -2.8696e-12 2.02601e+07)
(6.62705e+07 -287.386 -1.04428e-05 10.2509 2.79499e-12 1.98812e+07)
(6.50064e+07 -296.315 4.05973e-06 10.4727 1.8818e-12 1.95019e+07)
(6.37429e+07 -303.972 -4.12749e-06 10.7367 -2.61336e-12 1.91229e+07)
(6.24791e+07 -312.471 -4.53486e-06 10.7619 1.47184e-12 1.87437e+07)
(6.12155e+07 -323.219 -2.22623e-06 10.4903 -6.73432e-13 1.83646e+07)
(5.99518e+07 -335.925 -2.14125e-06 10.1506 -2.9367e-12 1.79855e+07)
(5.86882e+07 -347.974 -4.89743e-06 10.0389 2.41321e-12 1.76065e+07)
(5.74246e+07 -357.112 -7.38485e-06 10.2098 1.7229e-12 1.72274e+07)
(5.61611e+07 -364.739 8.72919e-08 10.4057 -1.61977e-12 1.68483e+07)
(5.48976e+07 -373.26 -1.24448e-05 10.3123 -3.94159e-12 1.64693e+07)
(5.36341e+07 -383.628 -1.81421e-05 9.85514 2.01089e-12 1.60902e+07)
(5.23707e+07 -394.836 -5.4573e-06 9.23385 4.4791e-12 1.57112e+07)
(5.11072e+07 -404.697 -5.22655e-06 8.69843 -2.60037e-12 1.53322e+07)
(4.98438e+07 -411.563 -1.35109e-05 8.31811 -1.60692e-12 1.49532e+07)
(4.85804e+07 -417.254 -5.52278e-06 7.97912 8.53146e-14 1.45741e+07)
(4.7317e+07 -424.387 -1.40934e-05 7.63279 2.09866e-12 1.41951e+07)
(4.60536e+07 -432.687 7.15817e-08 7.48417 -1.92152e-12 1.38161e+07)
(4.47902e+07 -440.356 -8.58773e-06 7.81849 -1.83062e-12 1.34371e+07)
(4.35269e+07 -447.006 -5.95149e-06 8.65458 3.04987e-12 1.30581e+07)
(4.22636e+07 -455.328 -1.17539e-05 9.60267 -2.91116e-12 1.26791e+07)
(4.10003e+07 -467.421 -9.06396e-06 10.082 2.16649e-12 1.23001e+07)
(3.9737e+07 -479.929 -6.07186e-06 9.71345 6.95296e-14 1.19211e+07)
(3.84738e+07 -490.541 -2.14049e-05 8.5458 -2.99897e-12 1.15421e+07)
(3.72106e+07 -495.646 -1.56081e-05 7.027 3.47658e-12 1.11632e+07)
(3.59475e+07 -496.531 -6.27352e-06 5.80951 6.87648e-14 1.07843e+07)
(3.46843e+07 -500.229 -3.22204e-06 5.43401 2.24986e-12 1.04053e+07)
(3.34212e+07 -506.832 -6.3448e-06 5.95943 -2.19974e-12 1.00264e+07)
(3.21581e+07 -514.131 -3.15252e-06 6.8972 -3.39549e-12 9.64742e+06)
(3.0895e+07 -525.786 -9.83852e-06 7.51814 3.5993e-12 9.26849e+06)
(2.96319e+07 -536.938 -6.58778e-06 7.20678 1.24333e-12 8.88958e+06)
(2.83689e+07 -536.878 -6.61627e-06 6.10271 5.32481e-14 8.51067e+06)
(2.71059e+07 -535.547 6.31964e-08 5.25226 -3.56746e-12 8.13176e+06)
(2.58428e+07 -546.317 -2.34337e-05 5.16937 -3.52775e-12 7.75286e+06)
(2.45798e+07 -554.288 -3.3844e-05 5.12975 3.92937e-12 7.37395e+06)
(2.33168e+07 -557.546 -6.85425e-06 4.68259 3.78909e-12 6.99506e+06)
(2.20539e+07 -558.83 -1.37146e-05 4.19915 2.5373e-12 6.61617e+06)
(2.0791e+07 -563.664 -6.82976e-06 3.9839 -3.74204e-12 6.23729e+06)
(1.9528e+07 -574.986 -1.03255e-05 4.14234 -3.79283e-12 5.8584e+06)
(1.82651e+07 -575.84 -1.0464e-05 4.3433 3.94358e-12 5.47953e+06)
(1.70021e+07 -574.039 -6.97894e-06 4.01789 6.06215e-14 5.10065e+06)
(1.57393e+07 -578.185 -3.52847e-06 3.46816 2.57022e-12 4.72179e+06)
(1.44763e+07 -582.568 -3.89015e-20 3.23725 -2.41718e-25 4.3429e+06)
(1.32135e+07 -585.959 -1.05378e-05 3.02101 -6.42517e-12 3.96406e+06)
(1.19506e+07 -588.246 -2.47863e-05 2.58018 1.66467e-13 3.58517e+06)
(1.06881e+07 -593.613 -1.06778e-05 2.08135 3.95234e-12 3.20644e+06)
(9.42552e+06 -595.96 -7.3251e-09 1.60436 1.3233e-12 2.82766e+06)
(8.16406e+06 -593.607 -1.42644e-05 1.41371 -1.24818e-12 2.44922e+06)
(6.90399e+06 -597.481 -3.55292e-06 1.36133 -5.29856e-12 2.0712e+06)
(5.64511e+06 -602.47 -2.14842e-05 0.995627 1.44734e-12 1.69353e+06)
(4.38782e+06 -612.538 -1.79358e-05 0.61585 5.52641e-12 1.31634e+06)
(3.16049e+06 -655.222 -7.17315e-06 0.575685 -1.4236e-12 948146)
(1.99061e+06 -800.554 -1.07696e-05 0.221268 -1.68966e-12 597184)
(818313 -876.473 -1.79859e-06 -0.344506 1.17069e-11 245494)
)
;
    }
    left
    {
        type            calculated;
        value           nonuniform List<symmTensor> 8((-1.10996e+08 -7.99277e+06 -1.90623e-08 -8.19174e+06 -1.7365e-08 -3.57563e+07) (-6.92692e+07 -2.28944e+06 1.07928e-07 -2.84033e+06 7.59637e-08 -2.16329e+07) (-4.03375e+07 1.76654e+06 8.61068e-08 -3.31492e+06 4.34355e-08 -1.30957e+07) (-1.29352e+07 4.51688e+06 -2.02394e-07 -657912 -1.33045e-07 -4.07795e+06) (1.29368e+07 4.51682e+06 -1.43282e-07 658190 1.69193e-07 4.07849e+06) (4.0339e+07 1.76636e+06 -1.91032e-07 3.31517e+06 1.80047e-07 1.30963e+07) (6.92709e+07 -2.28972e+06 -2.17213e-07 2.84052e+06 1.44437e-07 2.16334e+07) (1.10998e+08 -7.9931e+06 5.77425e-07 8.19192e+06 -2.09882e-07 3.5757e+07));
    }
    right
    {
        type            calculated;
        value           nonuniform List<symmTensor> 8((11.7558 -999159 -7.46499e-12 506047 1.79691e-06 151818) (9.53482 -999160 -5.85865e-15 553168 -7.18724e-06 165953) (5.5854 -999161 1.49001e-11 368176 2.28902e-09 110454) (3.12518 -999161 -7.45078e-12 145636 -7.18401e-06 43691.7) (-6.32575 -999162 -1.70053e-15 -148556 -3.59178e-06 -44568.7) (-13.1217 -999161 -7.44994e-12 -368357 1.14507e-09 -110511) (-21.5128 -999160 1.11876e-11 -553161 -3.5962e-06 -165955) (-9.98242 -999159 -3.73877e-12 -507629 5.3935e-06 -152292));
    }
    bottom
    {
        type            calculated;
        value           nonuniform List<symmTensor> 
80
(
(-1.00885e+08 -16.1515 -1.90623e-08 -16.3916 3.84184e-14 -3.02655e+07)
(-9.73848e+07 -20.6213 -2.71291e-07 -11.5535 -6.93704e-14 -2.92154e+07)
(-9.84369e+07 -30.7684 1.43186e-07 -10.23 -1.9246e-13 -2.95311e+07)
(-9.64294e+07 -38.6115 1.84768e-06 -10.04 5.56152e-13 -2.89288e+07)
(-9.56038e+07 -46.6358 -1.43161e-06 -10.163 2.78787e-14 -2.86812e+07)
(-9.42071e+07 -55.3859 -1.25132e-06 -10.1207 -5.85004e-13 -2.82621e+07)
(-9.3008e+07 -65.2299 1.12479e-06 -10.0828 9.40933e-14 -2.79024e+07)
(-9.17218e+07 -76.0184 -1.28885e-06 -10.0997 -9.62129e-14 -2.75165e+07)
(-9.0467e+07 -87.2458 1.45067e-06 -10.2111 9.75705e-14 -2.71401e+07)
(-8.91985e+07 -98.8169 -1.61025e-06 -10.4302 -9.76395e-14 -2.67596e+07)
(-8.79368e+07 -110.488 1.42587e-06 -10.7479 -1.13094e-12 -2.63811e+07)
(-8.66689e+07 -121.828 2.88399e-06 -11.0421 1.39725e-13 -2.60007e+07)
(-8.54099e+07 -132.28 2.40738e-06 -11.1999 1.5596e-12 -2.5623e+07)
(-8.41317e+07 -141.461 -2.09533e-06 -11.2203 5.37864e-13 -2.52395e+07)
(-8.28793e+07 -149.6 1.05838e-06 -11.0987 -6.18012e-13 -2.48638e+07)
(-8.15638e+07 -157.717 1.26776e-07 -10.8376 7.00402e-13 -2.44691e+07)
(-8.02423e+07 -166.939 -5.07845e-06 -10.6017 1.28066e-12 -2.40727e+07)
(-7.89636e+07 -177.961 -3.04971e-06 -10.5703 -1.68314e-12 -2.36891e+07)
(-7.73019e+07 -190.534 -2.94298e-06 -10.7213 -1.00598e-13 -2.31906e+07)
(-7.60793e+07 -203.27 -1.42299e-06 -11.0579 8.54421e-13 -2.28238e+07)
(-7.50334e+07 -214.893 -3.49876e-07 -11.3737 -2.86296e-12 -2.251e+07)
(-7.37537e+07 -224.987 6.29479e-06 -11.472 -3.31397e-12 -2.21261e+07)
(-7.25922e+07 -233.63 1.22861e-05 -11.3137 1.35906e-12 -2.17777e+07)
(-7.13067e+07 -241.783 5.68586e-06 -10.9286 2.82753e-12 -2.1392e+07)
(-7.00644e+07 -250.805 1.08902e-07 -10.5938 1.1138e-12 -2.10193e+07)
(-6.87938e+07 -261.603 -1.06927e-07 -10.5314 -1.16175e-12 -2.06381e+07)
(-6.75339e+07 -273.957 9.57225e-06 -10.7423 -4.01175e-12 -2.02602e+07)
(-6.62684e+07 -286.626 1.44344e-05 -11.0034 1.59827e-12 -1.98805e+07)
(-6.50055e+07 -297.829 4.36285e-06 -11.0718 2.07308e-12 -1.95016e+07)
(-6.37414e+07 -306.644 8.65129e-06 -10.8609 1.80096e-13 -1.91224e+07)
(-6.24778e+07 -313.995 6.75374e-06 -10.4999 1.53612e-12 -1.87434e+07)
(-6.12141e+07 -322.327 4.45247e-06 -10.2514 -1.3311e-12 -1.83642e+07)
(-5.99505e+07 -332.985 4.65523e-06 -10.3127 9.97475e-14 -1.79851e+07)
(-5.86869e+07 -345.567 7.1409e-06 -10.6174 1.39245e-13 -1.76061e+07)
(-5.74234e+07 -358.197 9.81671e-06 -10.8472 1.7631e-12 -1.7227e+07)
(-5.61599e+07 -367.962 7.6215e-06 -10.7014 3.3946e-12 -1.6848e+07)
(-5.48964e+07 -374.777 -2.13315e-07 -10.167 -4.16086e-12 -1.64689e+07)
(-5.36329e+07 -382.181 2.49646e-06 -9.51851 -1.64681e-12 -1.60899e+07)
(-5.23695e+07 -391.7 7.92139e-06 -9.06015 1.02367e-12 -1.57108e+07)
(-5.11061e+07 -402.956 5.14712e-06 -8.85606 -4.38158e-12 -1.53318e+07)
(-4.98427e+07 -413.954 1.8985e-05 -8.72046 -6.2859e-13 -1.49528e+07)
(-4.85793e+07 -421.596 8.28417e-06 -8.49058 1.2991e-13 -1.45738e+07)
(-4.73159e+07 -425.199 1.97382e-05 -8.28585 3.15153e-12 -1.41948e+07)
(-4.60526e+07 -429.661 5.79825e-06 -8.40048 2.95604e-12 -1.38158e+07)
(-4.47892e+07 -438.202 -1.74041e-07 -8.90861 -4.86502e-12 -1.34368e+07)
(-4.35259e+07 -448.793 2.34e-05 -9.46323 3.02932e-13 -1.30578e+07)
(-4.22626e+07 -458.791 1.48155e-05 -9.53181 1.65535e-13 -1.26788e+07)
(-4.09993e+07 -467.368 2.10643e-05 -8.89579 2.31703e-12 -1.22998e+07)
(-3.97361e+07 -476.059 9.26434e-08 -7.90636 3.17119e-12 -1.19208e+07)
(-3.84729e+07 -485.547 -1.49497e-07 -7.14135 -5.39066e-12 -1.15419e+07)
(-3.72098e+07 -493.381 2.17299e-05 -6.90597 2.17299e-13 -1.11629e+07)
(-3.59466e+07 -500.905 6.27352e-06 -7.1392 6.23087e-14 -1.0784e+07)
(-3.46835e+07 -504.281 2.22308e-05 -7.55405 2.45079e-12 -1.04051e+07)
(-3.34204e+07 -506.996 9.67304e-06 -7.75676 3.47457e-12 -1.00261e+07)
(-3.21573e+07 -515.782 -1.24956e-07 -7.5162 -5.72633e-12 -9.64719e+06)
(-3.08942e+07 -524.827 2.28365e-05 -6.79016 2.51554e-12 -9.26827e+06)
(-2.96312e+07 -531.304 -6.20785e-21 -5.57413 -1.57608e-25 -8.88937e+06)
(-2.83682e+07 -539.104 2.31569e-05 -4.54676 2.52795e-13 -8.51046e+06)
(-2.71052e+07 -542.345 -8.15371e-21 -4.85444 -2.67866e-25 -8.13156e+06)
(-2.58422e+07 -541.162 1.00688e-05 -6.01232 4.35699e-14 -7.75267e+06)
(-2.45793e+07 -550.617 5.73057e-08 -6.2291 3.66784e-12 -7.37378e+06)
(-2.33163e+07 -562.976 -3.62408e-08 -5.34884 -2.50012e-12 -6.99489e+06)
(-2.20534e+07 -558.555 6.85557e-08 -4.53229 4.96096e-12 -6.61602e+06)
(-2.07905e+07 -563.777 -6.87824e-06 -4.25468 -4.04946e-14 -6.23714e+06)
(-1.95276e+07 -571.747 -6.07039e-08 -4.42285 -5.07813e-12 -5.85827e+06)
(-1.82647e+07 -571.345 6.976e-06 -4.36381 2.57163e-12 -5.4794e+06)
(-1.70018e+07 -575.335 6.9393e-06 -3.51234 -3.7979e-12 -5.10054e+06)
(-1.57389e+07 -577.633 2.80565e-05 -2.66064 2.7016e-12 -4.72166e+06)
(-1.44761e+07 -585.842 3.37506e-08 -2.47243 3.90249e-12 -4.34284e+06)
(-1.3213e+07 -588.707 -4.10743e-08 -2.50417 -5.22877e-12 -3.9639e+06)
(-1.19506e+07 -588.546 7.0818e-06 -2.73576 -9.19517e-15 -3.58519e+06)
(-1.06864e+07 -594.606 1.41955e-05 -3.11651 -1.2407e-12 -3.20592e+06)
(-9.42506e+06 -589.485 1.07089e-05 -2.7032 5.26907e-12 -2.82752e+06)
(-8.15581e+06 -590.272 -7.13539e-06 -1.55201 2.9167e-15 -2.44674e+06)
(-6.89419e+06 -607.541 3.53687e-06 -0.898972 -9.42125e-12 -2.06826e+06)
(-5.62087e+06 -608.89 2.50812e-05 -1.02002 6.9525e-12 -1.68626e+06)
(-4.35866e+06 -615.954 -7.16892e-06 -1.06434 -5.20179e-14 -1.3076e+06)
(-3.15541e+06 -663.198 1.79344e-05 -0.902624 -2.67921e-12 -946623)
(-1.98561e+06 -789.631 4.62938e-09 -1.16332 5.26e-12 -595682)
(-813565 -861.468 -3.59273e-06 -1.36378 3.75103e-12 -244070)
)
;
    }
    front
    {
        type            empty;
    }
    back
    {
        type            empty;
    }
}


// ************************************************************************* //
