/*--------------------------------*- C++ -*----------------------------------*\
| =========                 |                                                 |
| \\      /  F ield         | foam-extend: Open Source CFD                    |
|  \\    /   O peration     | Version:     4.0                                |
|   \\  /    A nd           | Web:         http://www.foam-extend.org         |
|    \\/     M anipulation  |                                                 |
\*---------------------------------------------------------------------------*/
FoamFile
{
    version     2.0;
    format      ascii;
    class       labelList;
    note        "nPoints: 5474 nCells: 2560 nFaces: 10416 nInternalFaces: 4944";
    location    "constant/polyMesh";
    object      neighbour;
}
// * * * * * * * * * * * * * * * * * * * * * * * * * * * * * * * * * * * * * //


4944
(
1
160
2
161
3
162
4
163
5
164
6
165
7
166
8
167
9
168
10
169
11
170
12
171
13
172
14
173
15
174
16
175
17
176
18
177
19
178
20
179
21
180
22
181
23
182
24
183
25
184
26
185
27
186
28
187
29
188
30
189
31
190
32
191
33
192
34
193
35
194
36
195
37
196
38
197
39
198
40
199
41
200
42
201
43
202
44
203
45
204
46
205
47
206
48
207
49
208
50
209
51
210
52
211
53
212
54
213
55
214
56
215
57
216
58
217
59
218
60
219
61
220
62
221
63
222
64
223
65
224
66
225
67
226
68
227
69
228
70
229
71
230
72
231
73
232
74
233
75
234
76
235
77
236
78
237
79
238
80
239
81
240
82
241
83
242
84
243
85
244
86
245
87
246
88
247
89
248
90
249
91
250
92
251
93
252
94
253
95
254
96
255
97
256
98
257
99
258
100
259
101
260
102
261
103
262
104
263
105
264
106
265
107
266
108
267
109
268
110
269
111
270
112
271
113
272
114
273
115
274
116
275
117
276
118
277
119
278
120
279
121
280
122
281
123
282
124
283
125
284
126
285
127
286
128
287
129
288
130
289
131
290
132
291
133
292
134
293
135
294
136
295
137
296
138
297
139
298
140
299
141
300
142
301
143
302
144
303
145
304
146
305
147
306
148
307
149
308
150
309
151
310
152
311
153
312
154
313
155
314
156
315
157
316
158
317
159
318
319
161
320
162
321
163
322
164
323
165
324
166
325
167
326
168
327
169
328
170
329
171
330
172
331
173
332
174
333
175
334
176
335
177
336
178
337
179
338
180
339
181
340
182
341
183
342
184
343
185
344
186
345
187
346
188
347
189
348
190
349
191
350
192
351
193
352
194
353
195
354
196
355
197
356
198
357
199
358
200
359
201
360
202
361
203
362
204
363
205
364
206
365
207
366
208
367
209
368
210
369
211
370
212
371
213
372
214
373
215
374
216
375
217
376
218
377
219
378
220
379
221
380
222
381
223
382
224
383
225
384
226
385
227
386
228
387
229
388
230
389
231
390
232
391
233
392
234
393
235
394
236
395
237
396
238
397
239
398
240
399
241
400
242
401
243
402
244
403
245
404
246
405
247
406
248
407
249
408
250
409
251
410
252
411
253
412
254
413
255
414
256
415
257
416
258
417
259
418
260
419
261
420
262
421
263
422
264
423
265
424
266
425
267
426
268
427
269
428
270
429
271
430
272
431
273
432
274
433
275
434
276
435
277
436
278
437
279
438
280
439
281
440
282
441
283
442
284
443
285
444
286
445
287
446
288
447
289
448
290
449
291
450
292
451
293
452
294
453
295
454
296
455
297
456
298
457
299
458
300
459
301
460
302
461
303
462
304
463
305
464
306
465
307
466
308
467
309
468
310
469
311
470
312
471
313
472
314
473
315
474
316
475
317
476
318
477
319
478
479
321
480
322
481
323
482
324
483
325
484
326
485
327
486
328
487
329
488
330
489
331
490
332
491
333
492
334
493
335
494
336
495
337
496
338
497
339
498
340
499
341
500
342
501
343
502
344
503
345
504
346
505
347
506
348
507
349
508
350
509
351
510
352
511
353
512
354
513
355
514
356
515
357
516
358
517
359
518
360
519
361
520
362
521
363
522
364
523
365
524
366
525
367
526
368
527
369
528
370
529
371
530
372
531
373
532
374
533
375
534
376
535
377
536
378
537
379
538
380
539
381
540
382
541
383
542
384
543
385
544
386
545
387
546
388
547
389
548
390
549
391
550
392
551
393
552
394
553
395
554
396
555
397
556
398
557
399
558
400
559
401
560
402
561
403
562
404
563
405
564
406
565
407
566
408
567
409
568
410
569
411
570
412
571
413
572
414
573
415
574
416
575
417
576
418
577
419
578
420
579
421
580
422
581
423
582
424
583
425
584
426
585
427
586
428
587
429
588
430
589
431
590
432
591
433
592
434
593
435
594
436
595
437
596
438
597
439
598
440
599
441
600
442
601
443
602
444
603
445
604
446
605
447
606
448
607
449
608
450
609
451
610
452
611
453
612
454
613
455
614
456
615
457
616
458
617
459
618
460
619
461
620
462
621
463
622
464
623
465
624
466
625
467
626
468
627
469
628
470
629
471
630
472
631
473
632
474
633
475
634
476
635
477
636
478
637
479
638
639
481
640
482
641
483
642
484
643
485
644
486
645
487
646
488
647
489
648
490
649
491
650
492
651
493
652
494
653
495
654
496
655
497
656
498
657
499
658
500
659
501
660
502
661
503
662
504
663
505
664
506
665
507
666
508
667
509
668
510
669
511
670
512
671
513
672
514
673
515
674
516
675
517
676
518
677
519
678
520
679
521
680
522
681
523
682
524
683
525
684
526
685
527
686
528
687
529
688
530
689
531
690
532
691
533
692
534
693
535
694
536
695
537
696
538
697
539
698
540
699
541
700
542
701
543
702
544
703
545
704
546
705
547
706
548
707
549
708
550
709
551
710
552
711
553
712
554
713
555
714
556
715
557
716
558
717
559
718
560
719
561
720
562
721
563
722
564
723
565
724
566
725
567
726
568
727
569
728
570
729
571
730
572
731
573
732
574
733
575
734
576
735
577
736
578
737
579
738
580
739
581
740
582
741
583
742
584
743
585
744
586
745
587
746
588
747
589
748
590
749
591
750
592
751
593
752
594
753
595
754
596
755
597
756
598
757
599
758
600
759
601
760
602
761
603
762
604
763
605
764
606
765
607
766
608
767
609
768
610
769
611
770
612
771
613
772
614
773
615
774
616
775
617
776
618
777
619
778
620
779
621
780
622
781
623
782
624
783
625
784
626
785
627
786
628
787
629
788
630
789
631
790
632
791
633
792
634
793
635
794
636
795
637
796
638
797
639
798
799
641
800
642
801
643
802
644
803
645
804
646
805
647
806
648
807
649
808
650
809
651
810
652
811
653
812
654
813
655
814
656
815
657
816
658
817
659
818
660
819
661
820
662
821
663
822
664
823
665
824
666
825
667
826
668
827
669
828
670
829
671
830
672
831
673
832
674
833
675
834
676
835
677
836
678
837
679
838
680
839
681
840
682
841
683
842
684
843
685
844
686
845
687
846
688
847
689
848
690
849
691
850
692
851
693
852
694
853
695
854
696
855
697
856
698
857
699
858
700
859
701
860
702
861
703
862
704
863
705
864
706
865
707
866
708
867
709
868
710
869
711
870
712
871
713
872
714
873
715
874
716
875
717
876
718
877
719
878
720
879
721
880
722
881
723
882
724
883
725
884
726
885
727
886
728
887
729
888
730
889
731
890
732
891
733
892
734
893
735
894
736
895
737
896
738
897
739
898
740
899
741
900
742
901
743
902
744
903
745
904
746
905
747
906
748
907
749
908
750
909
751
910
752
911
753
912
754
913
755
914
756
915
757
916
758
917
759
918
760
919
761
920
762
921
763
922
764
923
765
924
766
925
767
926
768
927
769
928
770
929
771
930
772
931
773
932
774
933
775
934
776
935
777
936
778
937
779
938
780
939
781
940
782
941
783
942
784
943
785
944
786
945
787
946
788
947
789
948
790
949
791
950
792
951
793
952
794
953
795
954
796
955
797
956
798
957
799
958
959
801
960
802
961
803
962
804
963
805
964
806
965
807
966
808
967
809
968
810
969
811
970
812
971
813
972
814
973
815
974
816
975
817
976
818
977
819
978
820
979
821
980
822
981
823
982
824
983
825
984
826
985
827
986
828
987
829
988
830
989
831
990
832
991
833
992
834
993
835
994
836
995
837
996
838
997
839
998
840
999
841
1000
842
1001
843
1002
844
1003
845
1004
846
1005
847
1006
848
1007
849
1008
850
1009
851
1010
852
1011
853
1012
854
1013
855
1014
856
1015
857
1016
858
1017
859
1018
860
1019
861
1020
862
1021
863
1022
864
1023
865
1024
866
1025
867
1026
868
1027
869
1028
870
1029
871
1030
872
1031
873
1032
874
1033
875
1034
876
1035
877
1036
878
1037
879
1038
880
1039
881
1040
882
1041
883
1042
884
1043
885
1044
886
1045
887
1046
888
1047
889
1048
890
1049
891
1050
892
1051
893
1052
894
1053
895
1054
896
1055
897
1056
898
1057
899
1058
900
1059
901
1060
902
1061
903
1062
904
1063
905
1064
906
1065
907
1066
908
1067
909
1068
910
1069
911
1070
912
1071
913
1072
914
1073
915
1074
916
1075
917
1076
918
1077
919
1078
920
1079
921
1080
922
1081
923
1082
924
1083
925
1084
926
1085
927
1086
928
1087
929
1088
930
1089
931
1090
932
1091
933
1092
934
1093
935
1094
936
1095
937
1096
938
1097
939
1098
940
1099
941
1100
942
1101
943
1102
944
1103
945
1104
946
1105
947
1106
948
1107
949
1108
950
1109
951
1110
952
1111
953
1112
954
1113
955
1114
956
1115
957
1116
958
1117
959
1118
1119
961
1120
962
1121
963
1122
964
1123
965
1124
966
1125
967
1126
968
1127
969
1128
970
1129
971
1130
972
1131
973
1132
974
1133
975
1134
976
1135
977
1136
978
1137
979
1138
980
1139
981
1140
982
1141
983
1142
984
1143
985
1144
986
1145
987
1146
988
1147
989
1148
990
1149
991
1150
992
1151
993
1152
994
1153
995
1154
996
1155
997
1156
998
1157
999
1158
1000
1159
1001
1160
1002
1161
1003
1162
1004
1163
1005
1164
1006
1165
1007
1166
1008
1167
1009
1168
1010
1169
1011
1170
1012
1171
1013
1172
1014
1173
1015
1174
1016
1175
1017
1176
1018
1177
1019
1178
1020
1179
1021
1180
1022
1181
1023
1182
1024
1183
1025
1184
1026
1185
1027
1186
1028
1187
1029
1188
1030
1189
1031
1190
1032
1191
1033
1192
1034
1193
1035
1194
1036
1195
1037
1196
1038
1197
1039
1198
1040
1199
1041
1200
1042
1201
1043
1202
1044
1203
1045
1204
1046
1205
1047
1206
1048
1207
1049
1208
1050
1209
1051
1210
1052
1211
1053
1212
1054
1213
1055
1214
1056
1215
1057
1216
1058
1217
1059
1218
1060
1219
1061
1220
1062
1221
1063
1222
1064
1223
1065
1224
1066
1225
1067
1226
1068
1227
1069
1228
1070
1229
1071
1230
1072
1231
1073
1232
1074
1233
1075
1234
1076
1235
1077
1236
1078
1237
1079
1238
1080
1239
1081
1240
1082
1241
1083
1242
1084
1243
1085
1244
1086
1245
1087
1246
1088
1247
1089
1248
1090
1249
1091
1250
1092
1251
1093
1252
1094
1253
1095
1254
1096
1255
1097
1256
1098
1257
1099
1258
1100
1259
1101
1260
1102
1261
1103
1262
1104
1263
1105
1264
1106
1265
1107
1266
1108
1267
1109
1268
1110
1269
1111
1270
1112
1271
1113
1272
1114
1273
1115
1274
1116
1275
1117
1276
1118
1277
1119
1278
1279
1121
1280
1122
1281
1123
1282
1124
1283
1125
1284
1126
1285
1127
1286
1128
1287
1129
1288
1130
1289
1131
1290
1132
1291
1133
1292
1134
1293
1135
1294
1136
1295
1137
1296
1138
1297
1139
1298
1140
1299
1141
1300
1142
1301
1143
1302
1144
1303
1145
1304
1146
1305
1147
1306
1148
1307
1149
1308
1150
1309
1151
1310
1152
1311
1153
1312
1154
1313
1155
1314
1156
1315
1157
1316
1158
1317
1159
1318
1160
1319
1161
1320
1162
1321
1163
1322
1164
1323
1165
1324
1166
1325
1167
1326
1168
1327
1169
1328
1170
1329
1171
1330
1172
1331
1173
1332
1174
1333
1175
1334
1176
1335
1177
1336
1178
1337
1179
1338
1180
1339
1181
1340
1182
1341
1183
1342
1184
1343
1185
1344
1186
1345
1187
1346
1188
1347
1189
1348
1190
1349
1191
1350
1192
1351
1193
1352
1194
1353
1195
1354
1196
1355
1197
1356
1198
1357
1199
1358
1200
1359
1201
1360
1202
1361
1203
1362
1204
1363
1205
1364
1206
1365
1207
1366
1208
1367
1209
1368
1210
1369
1211
1370
1212
1371
1213
1372
1214
1373
1215
1374
1216
1375
1217
1376
1218
1377
1219
1378
1220
1379
1221
1380
1222
1381
1223
1382
1224
1383
1225
1384
1226
1385
1227
1386
1228
1387
1229
1388
1230
1389
1231
1390
1232
1391
1233
1392
1234
1393
1235
1394
1236
1395
1237
1396
1238
1397
1239
1398
1240
1399
1241
1400
1242
1401
1243
1402
1244
1403
1245
1404
1246
1405
1247
1406
1248
1407
1249
1408
1250
1409
1251
1410
1252
1411
1253
1412
1254
1413
1255
1414
1256
1415
1257
1416
1258
1417
1259
1418
1260
1419
1261
1420
1262
1421
1263
1422
1264
1423
1265
1424
1266
1425
1267
1426
1268
1427
1269
1428
1270
1429
1271
1430
1272
1431
1273
1432
1274
1433
1275
1434
1276
1435
1277
1436
1278
1437
1279
1438
1439
1281
1440
1282
1441
1283
1442
1284
1443
1285
1444
1286
1445
1287
1446
1288
1447
1289
1448
1290
1449
1291
1450
1292
1451
1293
1452
1294
1453
1295
1454
1296
1455
1297
1456
1298
1457
1299
1458
1300
1459
1301
1460
1302
1461
1303
1462
1304
1463
1305
1464
1306
1465
1307
1466
1308
1467
1309
1468
1310
1469
1311
1470
1312
1471
1313
1472
1314
1473
1315
1474
1316
1475
1317
1476
1318
1477
1319
1478
1320
1479
1321
1480
1322
1481
1323
1482
1324
1483
1325
1484
1326
1485
1327
1486
1328
1487
1329
1488
1330
1489
1331
1490
1332
1491
1333
1492
1334
1493
1335
1494
1336
1495
1337
1496
1338
1497
1339
1498
1340
1499
1341
1500
1342
1501
1343
1502
1344
1503
1345
1504
1346
1505
1347
1506
1348
1507
1349
1508
1350
1509
1351
1510
1352
1511
1353
1512
1354
1513
1355
1514
1356
1515
1357
1516
1358
1517
1359
1518
1360
1519
1361
1520
1362
1521
1363
1522
1364
1523
1365
1524
1366
1525
1367
1526
1368
1527
1369
1528
1370
1529
1371
1530
1372
1531
1373
1532
1374
1533
1375
1534
1376
1535
1377
1536
1378
1537
1379
1538
1380
1539
1381
1540
1382
1541
1383
1542
1384
1543
1385
1544
1386
1545
1387
1546
1388
1547
1389
1548
1390
1549
1391
1550
1392
1551
1393
1552
1394
1553
1395
1554
1396
1555
1397
1556
1398
1557
1399
1558
1400
1559
1401
1560
1402
1561
1403
1562
1404
1563
1405
1564
1406
1565
1407
1566
1408
1567
1409
1568
1410
1569
1411
1570
1412
1571
1413
1572
1414
1573
1415
1574
1416
1575
1417
1576
1418
1577
1419
1578
1420
1579
1421
1580
1422
1581
1423
1582
1424
1583
1425
1584
1426
1585
1427
1586
1428
1587
1429
1588
1430
1589
1431
1590
1432
1591
1433
1592
1434
1593
1435
1594
1436
1595
1437
1596
1438
1597
1439
1598
1599
1441
1600
1442
1601
1443
1602
1444
1603
1445
1604
1446
1605
1447
1606
1448
1607
1449
1608
1450
1609
1451
1610
1452
1611
1453
1612
1454
1613
1455
1614
1456
1615
1457
1616
1458
1617
1459
1618
1460
1619
1461
1620
1462
1621
1463
1622
1464
1623
1465
1624
1466
1625
1467
1626
1468
1627
1469
1628
1470
1629
1471
1630
1472
1631
1473
1632
1474
1633
1475
1634
1476
1635
1477
1636
1478
1637
1479
1638
1480
1639
1481
1640
1482
1641
1483
1642
1484
1643
1485
1644
1486
1645
1487
1646
1488
1647
1489
1648
1490
1649
1491
1650
1492
1651
1493
1652
1494
1653
1495
1654
1496
1655
1497
1656
1498
1657
1499
1658
1500
1659
1501
1660
1502
1661
1503
1662
1504
1663
1505
1664
1506
1665
1507
1666
1508
1667
1509
1668
1510
1669
1511
1670
1512
1671
1513
1672
1514
1673
1515
1674
1516
1675
1517
1676
1518
1677
1519
1678
1520
1679
1521
1680
1522
1681
1523
1682
1524
1683
1525
1684
1526
1685
1527
1686
1528
1687
1529
1688
1530
1689
1531
1690
1532
1691
1533
1692
1534
1693
1535
1694
1536
1695
1537
1696
1538
1697
1539
1698
1540
1699
1541
1700
1542
1701
1543
1702
1544
1703
1545
1704
1546
1705
1547
1706
1548
1707
1549
1708
1550
1709
1551
1710
1552
1711
1553
1712
1554
1713
1555
1714
1556
1715
1557
1716
1558
1717
1559
1718
1560
1719
1561
1720
1562
1721
1563
1722
1564
1723
1565
1724
1566
1725
1567
1726
1568
1727
1569
1728
1570
1729
1571
1730
1572
1731
1573
1732
1574
1733
1575
1734
1576
1735
1577
1736
1578
1737
1579
1738
1580
1739
1581
1740
1582
1741
1583
1742
1584
1743
1585
1744
1586
1745
1587
1746
1588
1747
1589
1748
1590
1749
1591
1750
1592
1751
1593
1752
1594
1753
1595
1754
1596
1755
1597
1756
1598
1757
1599
1758
1759
1601
1760
1602
1761
1603
1762
1604
1763
1605
1764
1606
1765
1607
1766
1608
1767
1609
1768
1610
1769
1611
1770
1612
1771
1613
1772
1614
1773
1615
1774
1616
1775
1617
1776
1618
1777
1619
1778
1620
1779
1621
1780
1622
1781
1623
1782
1624
1783
1625
1784
1626
1785
1627
1786
1628
1787
1629
1788
1630
1789
1631
1790
1632
1791
1633
1792
1634
1793
1635
1794
1636
1795
1637
1796
1638
1797
1639
1798
1640
1799
1641
1800
1642
1801
1643
1802
1644
1803
1645
1804
1646
1805
1647
1806
1648
1807
1649
1808
1650
1809
1651
1810
1652
1811
1653
1812
1654
1813
1655
1814
1656
1815
1657
1816
1658
1817
1659
1818
1660
1819
1661
1820
1662
1821
1663
1822
1664
1823
1665
1824
1666
1825
1667
1826
1668
1827
1669
1828
1670
1829
1671
1830
1672
1831
1673
1832
1674
1833
1675
1834
1676
1835
1677
1836
1678
1837
1679
1838
1680
1839
1681
1840
1682
1841
1683
1842
1684
1843
1685
1844
1686
1845
1687
1846
1688
1847
1689
1848
1690
1849
1691
1850
1692
1851
1693
1852
1694
1853
1695
1854
1696
1855
1697
1856
1698
1857
1699
1858
1700
1859
1701
1860
1702
1861
1703
1862
1704
1863
1705
1864
1706
1865
1707
1866
1708
1867
1709
1868
1710
1869
1711
1870
1712
1871
1713
1872
1714
1873
1715
1874
1716
1875
1717
1876
1718
1877
1719
1878
1720
1879
1721
1880
1722
1881
1723
1882
1724
1883
1725
1884
1726
1885
1727
1886
1728
1887
1729
1888
1730
1889
1731
1890
1732
1891
1733
1892
1734
1893
1735
1894
1736
1895
1737
1896
1738
1897
1739
1898
1740
1899
1741
1900
1742
1901
1743
1902
1744
1903
1745
1904
1746
1905
1747
1906
1748
1907
1749
1908
1750
1909
1751
1910
1752
1911
1753
1912
1754
1913
1755
1914
1756
1915
1757
1916
1758
1917
1759
1918
1919
1761
1920
1762
1921
1763
1922
1764
1923
1765
1924
1766
1925
1767
1926
1768
1927
1769
1928
1770
1929
1771
1930
1772
1931
1773
1932
1774
1933
1775
1934
1776
1935
1777
1936
1778
1937
1779
1938
1780
1939
1781
1940
1782
1941
1783
1942
1784
1943
1785
1944
1786
1945
1787
1946
1788
1947
1789
1948
1790
1949
1791
1950
1792
1951
1793
1952
1794
1953
1795
1954
1796
1955
1797
1956
1798
1957
1799
1958
1800
1959
1801
1960
1802
1961
1803
1962
1804
1963
1805
1964
1806
1965
1807
1966
1808
1967
1809
1968
1810
1969
1811
1970
1812
1971
1813
1972
1814
1973
1815
1974
1816
1975
1817
1976
1818
1977
1819
1978
1820
1979
1821
1980
1822
1981
1823
1982
1824
1983
1825
1984
1826
1985
1827
1986
1828
1987
1829
1988
1830
1989
1831
1990
1832
1991
1833
1992
1834
1993
1835
1994
1836
1995
1837
1996
1838
1997
1839
1998
1840
1999
1841
2000
1842
2001
1843
2002
1844
2003
1845
2004
1846
2005
1847
2006
1848
2007
1849
2008
1850
2009
1851
2010
1852
2011
1853
2012
1854
2013
1855
2014
1856
2015
1857
2016
1858
2017
1859
2018
1860
2019
1861
2020
1862
2021
1863
2022
1864
2023
1865
2024
1866
2025
1867
2026
1868
2027
1869
2028
1870
2029
1871
2030
1872
2031
1873
2032
1874
2033
1875
2034
1876
2035
1877
2036
1878
2037
1879
2038
1880
2039
1881
2040
1882
2041
1883
2042
1884
2043
1885
2044
1886
2045
1887
2046
1888
2047
1889
2048
1890
2049
1891
2050
1892
2051
1893
2052
1894
2053
1895
2054
1896
2055
1897
2056
1898
2057
1899
2058
1900
2059
1901
2060
1902
2061
1903
2062
1904
2063
1905
2064
1906
2065
1907
2066
1908
2067
1909
2068
1910
2069
1911
2070
1912
2071
1913
2072
1914
2073
1915
2074
1916
2075
1917
2076
1918
2077
1919
2078
2079
1921
2080
1922
2081
1923
2082
1924
2083
1925
2084
1926
2085
1927
2086
1928
2087
1929
2088
1930
2089
1931
2090
1932
2091
1933
2092
1934
2093
1935
2094
1936
2095
1937
2096
1938
2097
1939
2098
1940
2099
1941
2100
1942
2101
1943
2102
1944
2103
1945
2104
1946
2105
1947
2106
1948
2107
1949
2108
1950
2109
1951
2110
1952
2111
1953
2112
1954
2113
1955
2114
1956
2115
1957
2116
1958
2117
1959
2118
1960
2119
1961
2120
1962
2121
1963
2122
1964
2123
1965
2124
1966
2125
1967
2126
1968
2127
1969
2128
1970
2129
1971
2130
1972
2131
1973
2132
1974
2133
1975
2134
1976
2135
1977
2136
1978
2137
1979
2138
1980
2139
1981
2140
1982
2141
1983
2142
1984
2143
1985
2144
1986
2145
1987
2146
1988
2147
1989
2148
1990
2149
1991
2150
1992
2151
1993
2152
1994
2153
1995
2154
1996
2155
1997
2156
1998
2157
1999
2158
2000
2159
2001
2160
2002
2161
2003
2162
2004
2163
2005
2164
2006
2165
2007
2166
2008
2167
2009
2168
2010
2169
2011
2170
2012
2171
2013
2172
2014
2173
2015
2174
2016
2175
2017
2176
2018
2177
2019
2178
2020
2179
2021
2180
2022
2181
2023
2182
2024
2183
2025
2184
2026
2185
2027
2186
2028
2187
2029
2188
2030
2189
2031
2190
2032
2191
2033
2192
2034
2193
2035
2194
2036
2195
2037
2196
2038
2197
2039
2198
2040
2199
2041
2200
2042
2201
2043
2202
2044
2203
2045
2204
2046
2205
2047
2206
2048
2207
2049
2208
2050
2209
2051
2210
2052
2211
2053
2212
2054
2213
2055
2214
2056
2215
2057
2216
2058
2217
2059
2218
2060
2219
2061
2220
2062
2221
2063
2222
2064
2223
2065
2224
2066
2225
2067
2226
2068
2227
2069
2228
2070
2229
2071
2230
2072
2231
2073
2232
2074
2233
2075
2234
2076
2235
2077
2236
2078
2237
2079
2238
2239
2081
2240
2082
2241
2083
2242
2084
2243
2085
2244
2086
2245
2087
2246
2088
2247
2089
2248
2090
2249
2091
2250
2092
2251
2093
2252
2094
2253
2095
2254
2096
2255
2097
2256
2098
2257
2099
2258
2100
2259
2101
2260
2102
2261
2103
2262
2104
2263
2105
2264
2106
2265
2107
2266
2108
2267
2109
2268
2110
2269
2111
2270
2112
2271
2113
2272
2114
2273
2115
2274
2116
2275
2117
2276
2118
2277
2119
2278
2120
2279
2121
2280
2122
2281
2123
2282
2124
2283
2125
2284
2126
2285
2127
2286
2128
2287
2129
2288
2130
2289
2131
2290
2132
2291
2133
2292
2134
2293
2135
2294
2136
2295
2137
2296
2138
2297
2139
2298
2140
2299
2141
2300
2142
2301
2143
2302
2144
2303
2145
2304
2146
2305
2147
2306
2148
2307
2149
2308
2150
2309
2151
2310
2152
2311
2153
2312
2154
2313
2155
2314
2156
2315
2157
2316
2158
2317
2159
2318
2160
2319
2161
2320
2162
2321
2163
2322
2164
2323
2165
2324
2166
2325
2167
2326
2168
2327
2169
2328
2170
2329
2171
2330
2172
2331
2173
2332
2174
2333
2175
2334
2176
2335
2177
2336
2178
2337
2179
2338
2180
2339
2181
2340
2182
2341
2183
2342
2184
2343
2185
2344
2186
2345
2187
2346
2188
2347
2189
2348
2190
2349
2191
2350
2192
2351
2193
2352
2194
2353
2195
2354
2196
2355
2197
2356
2198
2357
2199
2358
2200
2359
2201
2360
2202
2361
2203
2362
2204
2363
2205
2364
2206
2365
2207
2366
2208
2367
2209
2368
2210
2369
2211
2370
2212
2371
2213
2372
2214
2373
2215
2374
2216
2375
2217
2376
2218
2377
2219
2378
2220
2379
2221
2380
2222
2381
2223
2382
2224
2383
2225
2384
2226
2385
2227
2386
2228
2387
2229
2388
2230
2389
2231
2390
2232
2391
2233
2392
2234
2393
2235
2394
2236
2395
2237
2396
2238
2397
2239
2398
2399
2241
2400
2242
2401
2243
2402
2244
2403
2245
2404
2246
2405
2247
2406
2248
2407
2249
2408
2250
2409
2251
2410
2252
2411
2253
2412
2254
2413
2255
2414
2256
2415
2257
2416
2258
2417
2259
2418
2260
2419
2261
2420
2262
2421
2263
2422
2264
2423
2265
2424
2266
2425
2267
2426
2268
2427
2269
2428
2270
2429
2271
2430
2272
2431
2273
2432
2274
2433
2275
2434
2276
2435
2277
2436
2278
2437
2279
2438
2280
2439
2281
2440
2282
2441
2283
2442
2284
2443
2285
2444
2286
2445
2287
2446
2288
2447
2289
2448
2290
2449
2291
2450
2292
2451
2293
2452
2294
2453
2295
2454
2296
2455
2297
2456
2298
2457
2299
2458
2300
2459
2301
2460
2302
2461
2303
2462
2304
2463
2305
2464
2306
2465
2307
2466
2308
2467
2309
2468
2310
2469
2311
2470
2312
2471
2313
2472
2314
2473
2315
2474
2316
2475
2317
2476
2318
2477
2319
2478
2320
2479
2321
2480
2322
2481
2323
2482
2324
2483
2325
2484
2326
2485
2327
2486
2328
2487
2329
2488
2330
2489
2331
2490
2332
2491
2333
2492
2334
2493
2335
2494
2336
2495
2337
2496
2338
2497
2339
2498
2340
2499
2341
2500
2342
2501
2343
2502
2344
2503
2345
2504
2346
2505
2347
2506
2348
2507
2349
2508
2350
2509
2351
2510
2352
2511
2353
2512
2354
2513
2355
2514
2356
2515
2357
2516
2358
2517
2359
2518
2360
2519
2361
2520
2362
2521
2363
2522
2364
2523
2365
2524
2366
2525
2367
2526
2368
2527
2369
2528
2370
2529
2371
2530
2372
2531
2373
2532
2374
2533
2375
2534
2376
2535
2377
2536
2378
2537
2379
2538
2380
2539
2381
2540
2382
2541
2383
2542
2384
2543
2385
2544
2386
2545
2387
2546
2388
2547
2389
2548
2390
2549
2391
2550
2392
2551
2393
2552
2394
2553
2395
2554
2396
2555
2397
2556
2398
2557
2399
2558
2559
2401
2402
2403
2404
2405
2406
2407
2408
2409
2410
2411
2412
2413
2414
2415
2416
2417
2418
2419
2420
2421
2422
2423
2424
2425
2426
2427
2428
2429
2430
2431
2432
2433
2434
2435
2436
2437
2438
2439
2440
2441
2442
2443
2444
2445
2446
2447
2448
2449
2450
2451
2452
2453
2454
2455
2456
2457
2458
2459
2460
2461
2462
2463
2464
2465
2466
2467
2468
2469
2470
2471
2472
2473
2474
2475
2476
2477
2478
2479
2480
2481
2482
2483
2484
2485
2486
2487
2488
2489
2490
2491
2492
2493
2494
2495
2496
2497
2498
2499
2500
2501
2502
2503
2504
2505
2506
2507
2508
2509
2510
2511
2512
2513
2514
2515
2516
2517
2518
2519
2520
2521
2522
2523
2524
2525
2526
2527
2528
2529
2530
2531
2532
2533
2534
2535
2536
2537
2538
2539
2540
2541
2542
2543
2544
2545
2546
2547
2548
2549
2550
2551
2552
2553
2554
2555
2556
2557
2558
2559
)


// ************************************************************************* //
