/*--------------------------------*- C++ -*----------------------------------*\
| =========                 |                                                 |
| \\      /  F ield         | foam-extend: Open Source CFD                    |
|  \\    /   O peration     | Version:     4.0                                |
|   \\  /    A nd           | Web:         http://www.foam-extend.org         |
|    \\/     M anipulation  |                                                 |
\*---------------------------------------------------------------------------*/
FoamFile
{
    version     2.0;
    format      ascii;
    class       labelList;
    note        "nPoints: 5474 nCells: 2560 nFaces: 10416 nInternalFaces: 4944";
    location    "constant/polyMesh";
    object      owner;
}
// * * * * * * * * * * * * * * * * * * * * * * * * * * * * * * * * * * * * * //


10416
(
0
0
1
1
2
2
3
3
4
4
5
5
6
6
7
7
8
8
9
9
10
10
11
11
12
12
13
13
14
14
15
15
16
16
17
17
18
18
19
19
20
20
21
21
22
22
23
23
24
24
25
25
26
26
27
27
28
28
29
29
30
30
31
31
32
32
33
33
34
34
35
35
36
36
37
37
38
38
39
39
40
40
41
41
42
42
43
43
44
44
45
45
46
46
47
47
48
48
49
49
50
50
51
51
52
52
53
53
54
54
55
55
56
56
57
57
58
58
59
59
60
60
61
61
62
62
63
63
64
64
65
65
66
66
67
67
68
68
69
69
70
70
71
71
72
72
73
73
74
74
75
75
76
76
77
77
78
78
79
79
80
80
81
81
82
82
83
83
84
84
85
85
86
86
87
87
88
88
89
89
90
90
91
91
92
92
93
93
94
94
95
95
96
96
97
97
98
98
99
99
100
100
101
101
102
102
103
103
104
104
105
105
106
106
107
107
108
108
109
109
110
110
111
111
112
112
113
113
114
114
115
115
116
116
117
117
118
118
119
119
120
120
121
121
122
122
123
123
124
124
125
125
126
126
127
127
128
128
129
129
130
130
131
131
132
132
133
133
134
134
135
135
136
136
137
137
138
138
139
139
140
140
141
141
142
142
143
143
144
144
145
145
146
146
147
147
148
148
149
149
150
150
151
151
152
152
153
153
154
154
155
155
156
156
157
157
158
158
159
160
160
161
161
162
162
163
163
164
164
165
165
166
166
167
167
168
168
169
169
170
170
171
171
172
172
173
173
174
174
175
175
176
176
177
177
178
178
179
179
180
180
181
181
182
182
183
183
184
184
185
185
186
186
187
187
188
188
189
189
190
190
191
191
192
192
193
193
194
194
195
195
196
196
197
197
198
198
199
199
200
200
201
201
202
202
203
203
204
204
205
205
206
206
207
207
208
208
209
209
210
210
211
211
212
212
213
213
214
214
215
215
216
216
217
217
218
218
219
219
220
220
221
221
222
222
223
223
224
224
225
225
226
226
227
227
228
228
229
229
230
230
231
231
232
232
233
233
234
234
235
235
236
236
237
237
238
238
239
239
240
240
241
241
242
242
243
243
244
244
245
245
246
246
247
247
248
248
249
249
250
250
251
251
252
252
253
253
254
254
255
255
256
256
257
257
258
258
259
259
260
260
261
261
262
262
263
263
264
264
265
265
266
266
267
267
268
268
269
269
270
270
271
271
272
272
273
273
274
274
275
275
276
276
277
277
278
278
279
279
280
280
281
281
282
282
283
283
284
284
285
285
286
286
287
287
288
288
289
289
290
290
291
291
292
292
293
293
294
294
295
295
296
296
297
297
298
298
299
299
300
300
301
301
302
302
303
303
304
304
305
305
306
306
307
307
308
308
309
309
310
310
311
311
312
312
313
313
314
314
315
315
316
316
317
317
318
318
319
320
320
321
321
322
322
323
323
324
324
325
325
326
326
327
327
328
328
329
329
330
330
331
331
332
332
333
333
334
334
335
335
336
336
337
337
338
338
339
339
340
340
341
341
342
342
343
343
344
344
345
345
346
346
347
347
348
348
349
349
350
350
351
351
352
352
353
353
354
354
355
355
356
356
357
357
358
358
359
359
360
360
361
361
362
362
363
363
364
364
365
365
366
366
367
367
368
368
369
369
370
370
371
371
372
372
373
373
374
374
375
375
376
376
377
377
378
378
379
379
380
380
381
381
382
382
383
383
384
384
385
385
386
386
387
387
388
388
389
389
390
390
391
391
392
392
393
393
394
394
395
395
396
396
397
397
398
398
399
399
400
400
401
401
402
402
403
403
404
404
405
405
406
406
407
407
408
408
409
409
410
410
411
411
412
412
413
413
414
414
415
415
416
416
417
417
418
418
419
419
420
420
421
421
422
422
423
423
424
424
425
425
426
426
427
427
428
428
429
429
430
430
431
431
432
432
433
433
434
434
435
435
436
436
437
437
438
438
439
439
440
440
441
441
442
442
443
443
444
444
445
445
446
446
447
447
448
448
449
449
450
450
451
451
452
452
453
453
454
454
455
455
456
456
457
457
458
458
459
459
460
460
461
461
462
462
463
463
464
464
465
465
466
466
467
467
468
468
469
469
470
470
471
471
472
472
473
473
474
474
475
475
476
476
477
477
478
478
479
480
480
481
481
482
482
483
483
484
484
485
485
486
486
487
487
488
488
489
489
490
490
491
491
492
492
493
493
494
494
495
495
496
496
497
497
498
498
499
499
500
500
501
501
502
502
503
503
504
504
505
505
506
506
507
507
508
508
509
509
510
510
511
511
512
512
513
513
514
514
515
515
516
516
517
517
518
518
519
519
520
520
521
521
522
522
523
523
524
524
525
525
526
526
527
527
528
528
529
529
530
530
531
531
532
532
533
533
534
534
535
535
536
536
537
537
538
538
539
539
540
540
541
541
542
542
543
543
544
544
545
545
546
546
547
547
548
548
549
549
550
550
551
551
552
552
553
553
554
554
555
555
556
556
557
557
558
558
559
559
560
560
561
561
562
562
563
563
564
564
565
565
566
566
567
567
568
568
569
569
570
570
571
571
572
572
573
573
574
574
575
575
576
576
577
577
578
578
579
579
580
580
581
581
582
582
583
583
584
584
585
585
586
586
587
587
588
588
589
589
590
590
591
591
592
592
593
593
594
594
595
595
596
596
597
597
598
598
599
599
600
600
601
601
602
602
603
603
604
604
605
605
606
606
607
607
608
608
609
609
610
610
611
611
612
612
613
613
614
614
615
615
616
616
617
617
618
618
619
619
620
620
621
621
622
622
623
623
624
624
625
625
626
626
627
627
628
628
629
629
630
630
631
631
632
632
633
633
634
634
635
635
636
636
637
637
638
638
639
640
640
641
641
642
642
643
643
644
644
645
645
646
646
647
647
648
648
649
649
650
650
651
651
652
652
653
653
654
654
655
655
656
656
657
657
658
658
659
659
660
660
661
661
662
662
663
663
664
664
665
665
666
666
667
667
668
668
669
669
670
670
671
671
672
672
673
673
674
674
675
675
676
676
677
677
678
678
679
679
680
680
681
681
682
682
683
683
684
684
685
685
686
686
687
687
688
688
689
689
690
690
691
691
692
692
693
693
694
694
695
695
696
696
697
697
698
698
699
699
700
700
701
701
702
702
703
703
704
704
705
705
706
706
707
707
708
708
709
709
710
710
711
711
712
712
713
713
714
714
715
715
716
716
717
717
718
718
719
719
720
720
721
721
722
722
723
723
724
724
725
725
726
726
727
727
728
728
729
729
730
730
731
731
732
732
733
733
734
734
735
735
736
736
737
737
738
738
739
739
740
740
741
741
742
742
743
743
744
744
745
745
746
746
747
747
748
748
749
749
750
750
751
751
752
752
753
753
754
754
755
755
756
756
757
757
758
758
759
759
760
760
761
761
762
762
763
763
764
764
765
765
766
766
767
767
768
768
769
769
770
770
771
771
772
772
773
773
774
774
775
775
776
776
777
777
778
778
779
779
780
780
781
781
782
782
783
783
784
784
785
785
786
786
787
787
788
788
789
789
790
790
791
791
792
792
793
793
794
794
795
795
796
796
797
797
798
798
799
800
800
801
801
802
802
803
803
804
804
805
805
806
806
807
807
808
808
809
809
810
810
811
811
812
812
813
813
814
814
815
815
816
816
817
817
818
818
819
819
820
820
821
821
822
822
823
823
824
824
825
825
826
826
827
827
828
828
829
829
830
830
831
831
832
832
833
833
834
834
835
835
836
836
837
837
838
838
839
839
840
840
841
841
842
842
843
843
844
844
845
845
846
846
847
847
848
848
849
849
850
850
851
851
852
852
853
853
854
854
855
855
856
856
857
857
858
858
859
859
860
860
861
861
862
862
863
863
864
864
865
865
866
866
867
867
868
868
869
869
870
870
871
871
872
872
873
873
874
874
875
875
876
876
877
877
878
878
879
879
880
880
881
881
882
882
883
883
884
884
885
885
886
886
887
887
888
888
889
889
890
890
891
891
892
892
893
893
894
894
895
895
896
896
897
897
898
898
899
899
900
900
901
901
902
902
903
903
904
904
905
905
906
906
907
907
908
908
909
909
910
910
911
911
912
912
913
913
914
914
915
915
916
916
917
917
918
918
919
919
920
920
921
921
922
922
923
923
924
924
925
925
926
926
927
927
928
928
929
929
930
930
931
931
932
932
933
933
934
934
935
935
936
936
937
937
938
938
939
939
940
940
941
941
942
942
943
943
944
944
945
945
946
946
947
947
948
948
949
949
950
950
951
951
952
952
953
953
954
954
955
955
956
956
957
957
958
958
959
960
960
961
961
962
962
963
963
964
964
965
965
966
966
967
967
968
968
969
969
970
970
971
971
972
972
973
973
974
974
975
975
976
976
977
977
978
978
979
979
980
980
981
981
982
982
983
983
984
984
985
985
986
986
987
987
988
988
989
989
990
990
991
991
992
992
993
993
994
994
995
995
996
996
997
997
998
998
999
999
1000
1000
1001
1001
1002
1002
1003
1003
1004
1004
1005
1005
1006
1006
1007
1007
1008
1008
1009
1009
1010
1010
1011
1011
1012
1012
1013
1013
1014
1014
1015
1015
1016
1016
1017
1017
1018
1018
1019
1019
1020
1020
1021
1021
1022
1022
1023
1023
1024
1024
1025
1025
1026
1026
1027
1027
1028
1028
1029
1029
1030
1030
1031
1031
1032
1032
1033
1033
1034
1034
1035
1035
1036
1036
1037
1037
1038
1038
1039
1039
1040
1040
1041
1041
1042
1042
1043
1043
1044
1044
1045
1045
1046
1046
1047
1047
1048
1048
1049
1049
1050
1050
1051
1051
1052
1052
1053
1053
1054
1054
1055
1055
1056
1056
1057
1057
1058
1058
1059
1059
1060
1060
1061
1061
1062
1062
1063
1063
1064
1064
1065
1065
1066
1066
1067
1067
1068
1068
1069
1069
1070
1070
1071
1071
1072
1072
1073
1073
1074
1074
1075
1075
1076
1076
1077
1077
1078
1078
1079
1079
1080
1080
1081
1081
1082
1082
1083
1083
1084
1084
1085
1085
1086
1086
1087
1087
1088
1088
1089
1089
1090
1090
1091
1091
1092
1092
1093
1093
1094
1094
1095
1095
1096
1096
1097
1097
1098
1098
1099
1099
1100
1100
1101
1101
1102
1102
1103
1103
1104
1104
1105
1105
1106
1106
1107
1107
1108
1108
1109
1109
1110
1110
1111
1111
1112
1112
1113
1113
1114
1114
1115
1115
1116
1116
1117
1117
1118
1118
1119
1120
1120
1121
1121
1122
1122
1123
1123
1124
1124
1125
1125
1126
1126
1127
1127
1128
1128
1129
1129
1130
1130
1131
1131
1132
1132
1133
1133
1134
1134
1135
1135
1136
1136
1137
1137
1138
1138
1139
1139
1140
1140
1141
1141
1142
1142
1143
1143
1144
1144
1145
1145
1146
1146
1147
1147
1148
1148
1149
1149
1150
1150
1151
1151
1152
1152
1153
1153
1154
1154
1155
1155
1156
1156
1157
1157
1158
1158
1159
1159
1160
1160
1161
1161
1162
1162
1163
1163
1164
1164
1165
1165
1166
1166
1167
1167
1168
1168
1169
1169
1170
1170
1171
1171
1172
1172
1173
1173
1174
1174
1175
1175
1176
1176
1177
1177
1178
1178
1179
1179
1180
1180
1181
1181
1182
1182
1183
1183
1184
1184
1185
1185
1186
1186
1187
1187
1188
1188
1189
1189
1190
1190
1191
1191
1192
1192
1193
1193
1194
1194
1195
1195
1196
1196
1197
1197
1198
1198
1199
1199
1200
1200
1201
1201
1202
1202
1203
1203
1204
1204
1205
1205
1206
1206
1207
1207
1208
1208
1209
1209
1210
1210
1211
1211
1212
1212
1213
1213
1214
1214
1215
1215
1216
1216
1217
1217
1218
1218
1219
1219
1220
1220
1221
1221
1222
1222
1223
1223
1224
1224
1225
1225
1226
1226
1227
1227
1228
1228
1229
1229
1230
1230
1231
1231
1232
1232
1233
1233
1234
1234
1235
1235
1236
1236
1237
1237
1238
1238
1239
1239
1240
1240
1241
1241
1242
1242
1243
1243
1244
1244
1245
1245
1246
1246
1247
1247
1248
1248
1249
1249
1250
1250
1251
1251
1252
1252
1253
1253
1254
1254
1255
1255
1256
1256
1257
1257
1258
1258
1259
1259
1260
1260
1261
1261
1262
1262
1263
1263
1264
1264
1265
1265
1266
1266
1267
1267
1268
1268
1269
1269
1270
1270
1271
1271
1272
1272
1273
1273
1274
1274
1275
1275
1276
1276
1277
1277
1278
1278
1279
1280
1280
1281
1281
1282
1282
1283
1283
1284
1284
1285
1285
1286
1286
1287
1287
1288
1288
1289
1289
1290
1290
1291
1291
1292
1292
1293
1293
1294
1294
1295
1295
1296
1296
1297
1297
1298
1298
1299
1299
1300
1300
1301
1301
1302
1302
1303
1303
1304
1304
1305
1305
1306
1306
1307
1307
1308
1308
1309
1309
1310
1310
1311
1311
1312
1312
1313
1313
1314
1314
1315
1315
1316
1316
1317
1317
1318
1318
1319
1319
1320
1320
1321
1321
1322
1322
1323
1323
1324
1324
1325
1325
1326
1326
1327
1327
1328
1328
1329
1329
1330
1330
1331
1331
1332
1332
1333
1333
1334
1334
1335
1335
1336
1336
1337
1337
1338
1338
1339
1339
1340
1340
1341
1341
1342
1342
1343
1343
1344
1344
1345
1345
1346
1346
1347
1347
1348
1348
1349
1349
1350
1350
1351
1351
1352
1352
1353
1353
1354
1354
1355
1355
1356
1356
1357
1357
1358
1358
1359
1359
1360
1360
1361
1361
1362
1362
1363
1363
1364
1364
1365
1365
1366
1366
1367
1367
1368
1368
1369
1369
1370
1370
1371
1371
1372
1372
1373
1373
1374
1374
1375
1375
1376
1376
1377
1377
1378
1378
1379
1379
1380
1380
1381
1381
1382
1382
1383
1383
1384
1384
1385
1385
1386
1386
1387
1387
1388
1388
1389
1389
1390
1390
1391
1391
1392
1392
1393
1393
1394
1394
1395
1395
1396
1396
1397
1397
1398
1398
1399
1399
1400
1400
1401
1401
1402
1402
1403
1403
1404
1404
1405
1405
1406
1406
1407
1407
1408
1408
1409
1409
1410
1410
1411
1411
1412
1412
1413
1413
1414
1414
1415
1415
1416
1416
1417
1417
1418
1418
1419
1419
1420
1420
1421
1421
1422
1422
1423
1423
1424
1424
1425
1425
1426
1426
1427
1427
1428
1428
1429
1429
1430
1430
1431
1431
1432
1432
1433
1433
1434
1434
1435
1435
1436
1436
1437
1437
1438
1438
1439
1440
1440
1441
1441
1442
1442
1443
1443
1444
1444
1445
1445
1446
1446
1447
1447
1448
1448
1449
1449
1450
1450
1451
1451
1452
1452
1453
1453
1454
1454
1455
1455
1456
1456
1457
1457
1458
1458
1459
1459
1460
1460
1461
1461
1462
1462
1463
1463
1464
1464
1465
1465
1466
1466
1467
1467
1468
1468
1469
1469
1470
1470
1471
1471
1472
1472
1473
1473
1474
1474
1475
1475
1476
1476
1477
1477
1478
1478
1479
1479
1480
1480
1481
1481
1482
1482
1483
1483
1484
1484
1485
1485
1486
1486
1487
1487
1488
1488
1489
1489
1490
1490
1491
1491
1492
1492
1493
1493
1494
1494
1495
1495
1496
1496
1497
1497
1498
1498
1499
1499
1500
1500
1501
1501
1502
1502
1503
1503
1504
1504
1505
1505
1506
1506
1507
1507
1508
1508
1509
1509
1510
1510
1511
1511
1512
1512
1513
1513
1514
1514
1515
1515
1516
1516
1517
1517
1518
1518
1519
1519
1520
1520
1521
1521
1522
1522
1523
1523
1524
1524
1525
1525
1526
1526
1527
1527
1528
1528
1529
1529
1530
1530
1531
1531
1532
1532
1533
1533
1534
1534
1535
1535
1536
1536
1537
1537
1538
1538
1539
1539
1540
1540
1541
1541
1542
1542
1543
1543
1544
1544
1545
1545
1546
1546
1547
1547
1548
1548
1549
1549
1550
1550
1551
1551
1552
1552
1553
1553
1554
1554
1555
1555
1556
1556
1557
1557
1558
1558
1559
1559
1560
1560
1561
1561
1562
1562
1563
1563
1564
1564
1565
1565
1566
1566
1567
1567
1568
1568
1569
1569
1570
1570
1571
1571
1572
1572
1573
1573
1574
1574
1575
1575
1576
1576
1577
1577
1578
1578
1579
1579
1580
1580
1581
1581
1582
1582
1583
1583
1584
1584
1585
1585
1586
1586
1587
1587
1588
1588
1589
1589
1590
1590
1591
1591
1592
1592
1593
1593
1594
1594
1595
1595
1596
1596
1597
1597
1598
1598
1599
1600
1600
1601
1601
1602
1602
1603
1603
1604
1604
1605
1605
1606
1606
1607
1607
1608
1608
1609
1609
1610
1610
1611
1611
1612
1612
1613
1613
1614
1614
1615
1615
1616
1616
1617
1617
1618
1618
1619
1619
1620
1620
1621
1621
1622
1622
1623
1623
1624
1624
1625
1625
1626
1626
1627
1627
1628
1628
1629
1629
1630
1630
1631
1631
1632
1632
1633
1633
1634
1634
1635
1635
1636
1636
1637
1637
1638
1638
1639
1639
1640
1640
1641
1641
1642
1642
1643
1643
1644
1644
1645
1645
1646
1646
1647
1647
1648
1648
1649
1649
1650
1650
1651
1651
1652
1652
1653
1653
1654
1654
1655
1655
1656
1656
1657
1657
1658
1658
1659
1659
1660
1660
1661
1661
1662
1662
1663
1663
1664
1664
1665
1665
1666
1666
1667
1667
1668
1668
1669
1669
1670
1670
1671
1671
1672
1672
1673
1673
1674
1674
1675
1675
1676
1676
1677
1677
1678
1678
1679
1679
1680
1680
1681
1681
1682
1682
1683
1683
1684
1684
1685
1685
1686
1686
1687
1687
1688
1688
1689
1689
1690
1690
1691
1691
1692
1692
1693
1693
1694
1694
1695
1695
1696
1696
1697
1697
1698
1698
1699
1699
1700
1700
1701
1701
1702
1702
1703
1703
1704
1704
1705
1705
1706
1706
1707
1707
1708
1708
1709
1709
1710
1710
1711
1711
1712
1712
1713
1713
1714
1714
1715
1715
1716
1716
1717
1717
1718
1718
1719
1719
1720
1720
1721
1721
1722
1722
1723
1723
1724
1724
1725
1725
1726
1726
1727
1727
1728
1728
1729
1729
1730
1730
1731
1731
1732
1732
1733
1733
1734
1734
1735
1735
1736
1736
1737
1737
1738
1738
1739
1739
1740
1740
1741
1741
1742
1742
1743
1743
1744
1744
1745
1745
1746
1746
1747
1747
1748
1748
1749
1749
1750
1750
1751
1751
1752
1752
1753
1753
1754
1754
1755
1755
1756
1756
1757
1757
1758
1758
1759
1760
1760
1761
1761
1762
1762
1763
1763
1764
1764
1765
1765
1766
1766
1767
1767
1768
1768
1769
1769
1770
1770
1771
1771
1772
1772
1773
1773
1774
1774
1775
1775
1776
1776
1777
1777
1778
1778
1779
1779
1780
1780
1781
1781
1782
1782
1783
1783
1784
1784
1785
1785
1786
1786
1787
1787
1788
1788
1789
1789
1790
1790
1791
1791
1792
1792
1793
1793
1794
1794
1795
1795
1796
1796
1797
1797
1798
1798
1799
1799
1800
1800
1801
1801
1802
1802
1803
1803
1804
1804
1805
1805
1806
1806
1807
1807
1808
1808
1809
1809
1810
1810
1811
1811
1812
1812
1813
1813
1814
1814
1815
1815
1816
1816
1817
1817
1818
1818
1819
1819
1820
1820
1821
1821
1822
1822
1823
1823
1824
1824
1825
1825
1826
1826
1827
1827
1828
1828
1829
1829
1830
1830
1831
1831
1832
1832
1833
1833
1834
1834
1835
1835
1836
1836
1837
1837
1838
1838
1839
1839
1840
1840
1841
1841
1842
1842
1843
1843
1844
1844
1845
1845
1846
1846
1847
1847
1848
1848
1849
1849
1850
1850
1851
1851
1852
1852
1853
1853
1854
1854
1855
1855
1856
1856
1857
1857
1858
1858
1859
1859
1860
1860
1861
1861
1862
1862
1863
1863
1864
1864
1865
1865
1866
1866
1867
1867
1868
1868
1869
1869
1870
1870
1871
1871
1872
1872
1873
1873
1874
1874
1875
1875
1876
1876
1877
1877
1878
1878
1879
1879
1880
1880
1881
1881
1882
1882
1883
1883
1884
1884
1885
1885
1886
1886
1887
1887
1888
1888
1889
1889
1890
1890
1891
1891
1892
1892
1893
1893
1894
1894
1895
1895
1896
1896
1897
1897
1898
1898
1899
1899
1900
1900
1901
1901
1902
1902
1903
1903
1904
1904
1905
1905
1906
1906
1907
1907
1908
1908
1909
1909
1910
1910
1911
1911
1912
1912
1913
1913
1914
1914
1915
1915
1916
1916
1917
1917
1918
1918
1919
1920
1920
1921
1921
1922
1922
1923
1923
1924
1924
1925
1925
1926
1926
1927
1927
1928
1928
1929
1929
1930
1930
1931
1931
1932
1932
1933
1933
1934
1934
1935
1935
1936
1936
1937
1937
1938
1938
1939
1939
1940
1940
1941
1941
1942
1942
1943
1943
1944
1944
1945
1945
1946
1946
1947
1947
1948
1948
1949
1949
1950
1950
1951
1951
1952
1952
1953
1953
1954
1954
1955
1955
1956
1956
1957
1957
1958
1958
1959
1959
1960
1960
1961
1961
1962
1962
1963
1963
1964
1964
1965
1965
1966
1966
1967
1967
1968
1968
1969
1969
1970
1970
1971
1971
1972
1972
1973
1973
1974
1974
1975
1975
1976
1976
1977
1977
1978
1978
1979
1979
1980
1980
1981
1981
1982
1982
1983
1983
1984
1984
1985
1985
1986
1986
1987
1987
1988
1988
1989
1989
1990
1990
1991
1991
1992
1992
1993
1993
1994
1994
1995
1995
1996
1996
1997
1997
1998
1998
1999
1999
2000
2000
2001
2001
2002
2002
2003
2003
2004
2004
2005
2005
2006
2006
2007
2007
2008
2008
2009
2009
2010
2010
2011
2011
2012
2012
2013
2013
2014
2014
2015
2015
2016
2016
2017
2017
2018
2018
2019
2019
2020
2020
2021
2021
2022
2022
2023
2023
2024
2024
2025
2025
2026
2026
2027
2027
2028
2028
2029
2029
2030
2030
2031
2031
2032
2032
2033
2033
2034
2034
2035
2035
2036
2036
2037
2037
2038
2038
2039
2039
2040
2040
2041
2041
2042
2042
2043
2043
2044
2044
2045
2045
2046
2046
2047
2047
2048
2048
2049
2049
2050
2050
2051
2051
2052
2052
2053
2053
2054
2054
2055
2055
2056
2056
2057
2057
2058
2058
2059
2059
2060
2060
2061
2061
2062
2062
2063
2063
2064
2064
2065
2065
2066
2066
2067
2067
2068
2068
2069
2069
2070
2070
2071
2071
2072
2072
2073
2073
2074
2074
2075
2075
2076
2076
2077
2077
2078
2078
2079
2080
2080
2081
2081
2082
2082
2083
2083
2084
2084
2085
2085
2086
2086
2087
2087
2088
2088
2089
2089
2090
2090
2091
2091
2092
2092
2093
2093
2094
2094
2095
2095
2096
2096
2097
2097
2098
2098
2099
2099
2100
2100
2101
2101
2102
2102
2103
2103
2104
2104
2105
2105
2106
2106
2107
2107
2108
2108
2109
2109
2110
2110
2111
2111
2112
2112
2113
2113
2114
2114
2115
2115
2116
2116
2117
2117
2118
2118
2119
2119
2120
2120
2121
2121
2122
2122
2123
2123
2124
2124
2125
2125
2126
2126
2127
2127
2128
2128
2129
2129
2130
2130
2131
2131
2132
2132
2133
2133
2134
2134
2135
2135
2136
2136
2137
2137
2138
2138
2139
2139
2140
2140
2141
2141
2142
2142
2143
2143
2144
2144
2145
2145
2146
2146
2147
2147
2148
2148
2149
2149
2150
2150
2151
2151
2152
2152
2153
2153
2154
2154
2155
2155
2156
2156
2157
2157
2158
2158
2159
2159
2160
2160
2161
2161
2162
2162
2163
2163
2164
2164
2165
2165
2166
2166
2167
2167
2168
2168
2169
2169
2170
2170
2171
2171
2172
2172
2173
2173
2174
2174
2175
2175
2176
2176
2177
2177
2178
2178
2179
2179
2180
2180
2181
2181
2182
2182
2183
2183
2184
2184
2185
2185
2186
2186
2187
2187
2188
2188
2189
2189
2190
2190
2191
2191
2192
2192
2193
2193
2194
2194
2195
2195
2196
2196
2197
2197
2198
2198
2199
2199
2200
2200
2201
2201
2202
2202
2203
2203
2204
2204
2205
2205
2206
2206
2207
2207
2208
2208
2209
2209
2210
2210
2211
2211
2212
2212
2213
2213
2214
2214
2215
2215
2216
2216
2217
2217
2218
2218
2219
2219
2220
2220
2221
2221
2222
2222
2223
2223
2224
2224
2225
2225
2226
2226
2227
2227
2228
2228
2229
2229
2230
2230
2231
2231
2232
2232
2233
2233
2234
2234
2235
2235
2236
2236
2237
2237
2238
2238
2239
2240
2240
2241
2241
2242
2242
2243
2243
2244
2244
2245
2245
2246
2246
2247
2247
2248
2248
2249
2249
2250
2250
2251
2251
2252
2252
2253
2253
2254
2254
2255
2255
2256
2256
2257
2257
2258
2258
2259
2259
2260
2260
2261
2261
2262
2262
2263
2263
2264
2264
2265
2265
2266
2266
2267
2267
2268
2268
2269
2269
2270
2270
2271
2271
2272
2272
2273
2273
2274
2274
2275
2275
2276
2276
2277
2277
2278
2278
2279
2279
2280
2280
2281
2281
2282
2282
2283
2283
2284
2284
2285
2285
2286
2286
2287
2287
2288
2288
2289
2289
2290
2290
2291
2291
2292
2292
2293
2293
2294
2294
2295
2295
2296
2296
2297
2297
2298
2298
2299
2299
2300
2300
2301
2301
2302
2302
2303
2303
2304
2304
2305
2305
2306
2306
2307
2307
2308
2308
2309
2309
2310
2310
2311
2311
2312
2312
2313
2313
2314
2314
2315
2315
2316
2316
2317
2317
2318
2318
2319
2319
2320
2320
2321
2321
2322
2322
2323
2323
2324
2324
2325
2325
2326
2326
2327
2327
2328
2328
2329
2329
2330
2330
2331
2331
2332
2332
2333
2333
2334
2334
2335
2335
2336
2336
2337
2337
2338
2338
2339
2339
2340
2340
2341
2341
2342
2342
2343
2343
2344
2344
2345
2345
2346
2346
2347
2347
2348
2348
2349
2349
2350
2350
2351
2351
2352
2352
2353
2353
2354
2354
2355
2355
2356
2356
2357
2357
2358
2358
2359
2359
2360
2360
2361
2361
2362
2362
2363
2363
2364
2364
2365
2365
2366
2366
2367
2367
2368
2368
2369
2369
2370
2370
2371
2371
2372
2372
2373
2373
2374
2374
2375
2375
2376
2376
2377
2377
2378
2378
2379
2379
2380
2380
2381
2381
2382
2382
2383
2383
2384
2384
2385
2385
2386
2386
2387
2387
2388
2388
2389
2389
2390
2390
2391
2391
2392
2392
2393
2393
2394
2394
2395
2395
2396
2396
2397
2397
2398
2398
2399
2400
2401
2402
2403
2404
2405
2406
2407
2408
2409
2410
2411
2412
2413
2414
2415
2416
2417
2418
2419
2420
2421
2422
2423
2424
2425
2426
2427
2428
2429
2430
2431
2432
2433
2434
2435
2436
2437
2438
2439
2440
2441
2442
2443
2444
2445
2446
2447
2448
2449
2450
2451
2452
2453
2454
2455
2456
2457
2458
2459
2460
2461
2462
2463
2464
2465
2466
2467
2468
2469
2470
2471
2472
2473
2474
2475
2476
2477
2478
2479
2480
2481
2482
2483
2484
2485
2486
2487
2488
2489
2490
2491
2492
2493
2494
2495
2496
2497
2498
2499
2500
2501
2502
2503
2504
2505
2506
2507
2508
2509
2510
2511
2512
2513
2514
2515
2516
2517
2518
2519
2520
2521
2522
2523
2524
2525
2526
2527
2528
2529
2530
2531
2532
2533
2534
2535
2536
2537
2538
2539
2540
2541
2542
2543
2544
2545
2546
2547
2548
2549
2550
2551
2552
2553
2554
2555
2556
2557
2558
2400
2401
2402
2403
2404
2405
2406
2407
2408
2409
2410
2411
2412
2413
2414
2415
2416
2417
2418
2419
2420
2421
2422
2423
2424
2425
2426
2427
2428
2429
2430
2431
2432
2433
2434
2435
2436
2437
2438
2439
2440
2441
2442
2443
2444
2445
2446
2447
2448
2449
2450
2451
2452
2453
2454
2455
2456
2457
2458
2459
2460
2461
2462
2463
2464
2465
2466
2467
2468
2469
2470
2471
2472
2473
2474
2475
2476
2477
2478
2479
2480
2481
2482
2483
2484
2485
2486
2487
2488
2489
2490
2491
2492
2493
2494
2495
2496
2497
2498
2499
2500
2501
2502
2503
2504
2505
2506
2507
2508
2509
2510
2511
2512
2513
2514
2515
2516
2517
2518
2519
2520
2521
2522
2523
2524
2525
2526
2527
2528
2529
2530
2531
2532
2533
2534
2535
2536
2537
2538
2539
2540
2541
2542
2543
2544
2545
2546
2547
2548
2549
2550
2551
2552
2553
2554
2555
2556
2557
2558
2559
0
160
320
480
640
800
960
1120
1280
1440
1600
1760
1920
2080
2240
2400
159
319
479
639
799
959
1119
1279
1439
1599
1759
1919
2079
2239
2399
2559
0
1
2
3
4
5
6
7
8
9
10
11
12
13
14
15
16
17
18
19
20
21
22
23
24
25
26
27
28
29
30
31
32
33
34
35
36
37
38
39
40
41
42
43
44
45
46
47
48
49
50
51
52
53
54
55
56
57
58
59
60
61
62
63
64
65
66
67
68
69
70
71
72
73
74
75
76
77
78
79
80
81
82
83
84
85
86
87
88
89
90
91
92
93
94
95
96
97
98
99
100
101
102
103
104
105
106
107
108
109
110
111
112
113
114
115
116
117
118
119
120
121
122
123
124
125
126
127
128
129
130
131
132
133
134
135
136
137
138
139
140
141
142
143
144
145
146
147
148
149
150
151
152
153
154
155
156
157
158
159
0
160
320
480
640
800
960
1120
1280
1440
1600
1760
1920
2080
2240
2400
1
161
321
481
641
801
961
1121
1281
1441
1601
1761
1921
2081
2241
2401
2
162
322
482
642
802
962
1122
1282
1442
1602
1762
1922
2082
2242
2402
3
163
323
483
643
803
963
1123
1283
1443
1603
1763
1923
2083
2243
2403
4
164
324
484
644
804
964
1124
1284
1444
1604
1764
1924
2084
2244
2404
5
165
325
485
645
805
965
1125
1285
1445
1605
1765
1925
2085
2245
2405
6
166
326
486
646
806
966
1126
1286
1446
1606
1766
1926
2086
2246
2406
7
167
327
487
647
807
967
1127
1287
1447
1607
1767
1927
2087
2247
2407
8
168
328
488
648
808
968
1128
1288
1448
1608
1768
1928
2088
2248
2408
9
169
329
489
649
809
969
1129
1289
1449
1609
1769
1929
2089
2249
2409
10
170
330
490
650
810
970
1130
1290
1450
1610
1770
1930
2090
2250
2410
11
171
331
491
651
811
971
1131
1291
1451
1611
1771
1931
2091
2251
2411
12
172
332
492
652
812
972
1132
1292
1452
1612
1772
1932
2092
2252
2412
13
173
333
493
653
813
973
1133
1293
1453
1613
1773
1933
2093
2253
2413
14
174
334
494
654
814
974
1134
1294
1454
1614
1774
1934
2094
2254
2414
15
175
335
495
655
815
975
1135
1295
1455
1615
1775
1935
2095
2255
2415
16
176
336
496
656
816
976
1136
1296
1456
1616
1776
1936
2096
2256
2416
17
177
337
497
657
817
977
1137
1297
1457
1617
1777
1937
2097
2257
2417
18
178
338
498
658
818
978
1138
1298
1458
1618
1778
1938
2098
2258
2418
19
179
339
499
659
819
979
1139
1299
1459
1619
1779
1939
2099
2259
2419
20
180
340
500
660
820
980
1140
1300
1460
1620
1780
1940
2100
2260
2420
21
181
341
501
661
821
981
1141
1301
1461
1621
1781
1941
2101
2261
2421
22
182
342
502
662
822
982
1142
1302
1462
1622
1782
1942
2102
2262
2422
23
183
343
503
663
823
983
1143
1303
1463
1623
1783
1943
2103
2263
2423
24
184
344
504
664
824
984
1144
1304
1464
1624
1784
1944
2104
2264
2424
25
185
345
505
665
825
985
1145
1305
1465
1625
1785
1945
2105
2265
2425
26
186
346
506
666
826
986
1146
1306
1466
1626
1786
1946
2106
2266
2426
27
187
347
507
667
827
987
1147
1307
1467
1627
1787
1947
2107
2267
2427
28
188
348
508
668
828
988
1148
1308
1468
1628
1788
1948
2108
2268
2428
29
189
349
509
669
829
989
1149
1309
1469
1629
1789
1949
2109
2269
2429
30
190
350
510
670
830
990
1150
1310
1470
1630
1790
1950
2110
2270
2430
31
191
351
511
671
831
991
1151
1311
1471
1631
1791
1951
2111
2271
2431
32
192
352
512
672
832
992
1152
1312
1472
1632
1792
1952
2112
2272
2432
33
193
353
513
673
833
993
1153
1313
1473
1633
1793
1953
2113
2273
2433
34
194
354
514
674
834
994
1154
1314
1474
1634
1794
1954
2114
2274
2434
35
195
355
515
675
835
995
1155
1315
1475
1635
1795
1955
2115
2275
2435
36
196
356
516
676
836
996
1156
1316
1476
1636
1796
1956
2116
2276
2436
37
197
357
517
677
837
997
1157
1317
1477
1637
1797
1957
2117
2277
2437
38
198
358
518
678
838
998
1158
1318
1478
1638
1798
1958
2118
2278
2438
39
199
359
519
679
839
999
1159
1319
1479
1639
1799
1959
2119
2279
2439
40
200
360
520
680
840
1000
1160
1320
1480
1640
1800
1960
2120
2280
2440
41
201
361
521
681
841
1001
1161
1321
1481
1641
1801
1961
2121
2281
2441
42
202
362
522
682
842
1002
1162
1322
1482
1642
1802
1962
2122
2282
2442
43
203
363
523
683
843
1003
1163
1323
1483
1643
1803
1963
2123
2283
2443
44
204
364
524
684
844
1004
1164
1324
1484
1644
1804
1964
2124
2284
2444
45
205
365
525
685
845
1005
1165
1325
1485
1645
1805
1965
2125
2285
2445
46
206
366
526
686
846
1006
1166
1326
1486
1646
1806
1966
2126
2286
2446
47
207
367
527
687
847
1007
1167
1327
1487
1647
1807
1967
2127
2287
2447
48
208
368
528
688
848
1008
1168
1328
1488
1648
1808
1968
2128
2288
2448
49
209
369
529
689
849
1009
1169
1329
1489
1649
1809
1969
2129
2289
2449
50
210
370
530
690
850
1010
1170
1330
1490
1650
1810
1970
2130
2290
2450
51
211
371
531
691
851
1011
1171
1331
1491
1651
1811
1971
2131
2291
2451
52
212
372
532
692
852
1012
1172
1332
1492
1652
1812
1972
2132
2292
2452
53
213
373
533
693
853
1013
1173
1333
1493
1653
1813
1973
2133
2293
2453
54
214
374
534
694
854
1014
1174
1334
1494
1654
1814
1974
2134
2294
2454
55
215
375
535
695
855
1015
1175
1335
1495
1655
1815
1975
2135
2295
2455
56
216
376
536
696
856
1016
1176
1336
1496
1656
1816
1976
2136
2296
2456
57
217
377
537
697
857
1017
1177
1337
1497
1657
1817
1977
2137
2297
2457
58
218
378
538
698
858
1018
1178
1338
1498
1658
1818
1978
2138
2298
2458
59
219
379
539
699
859
1019
1179
1339
1499
1659
1819
1979
2139
2299
2459
60
220
380
540
700
860
1020
1180
1340
1500
1660
1820
1980
2140
2300
2460
61
221
381
541
701
861
1021
1181
1341
1501
1661
1821
1981
2141
2301
2461
62
222
382
542
702
862
1022
1182
1342
1502
1662
1822
1982
2142
2302
2462
63
223
383
543
703
863
1023
1183
1343
1503
1663
1823
1983
2143
2303
2463
64
224
384
544
704
864
1024
1184
1344
1504
1664
1824
1984
2144
2304
2464
65
225
385
545
705
865
1025
1185
1345
1505
1665
1825
1985
2145
2305
2465
66
226
386
546
706
866
1026
1186
1346
1506
1666
1826
1986
2146
2306
2466
67
227
387
547
707
867
1027
1187
1347
1507
1667
1827
1987
2147
2307
2467
68
228
388
548
708
868
1028
1188
1348
1508
1668
1828
1988
2148
2308
2468
69
229
389
549
709
869
1029
1189
1349
1509
1669
1829
1989
2149
2309
2469
70
230
390
550
710
870
1030
1190
1350
1510
1670
1830
1990
2150
2310
2470
71
231
391
551
711
871
1031
1191
1351
1511
1671
1831
1991
2151
2311
2471
72
232
392
552
712
872
1032
1192
1352
1512
1672
1832
1992
2152
2312
2472
73
233
393
553
713
873
1033
1193
1353
1513
1673
1833
1993
2153
2313
2473
74
234
394
554
714
874
1034
1194
1354
1514
1674
1834
1994
2154
2314
2474
75
235
395
555
715
875
1035
1195
1355
1515
1675
1835
1995
2155
2315
2475
76
236
396
556
716
876
1036
1196
1356
1516
1676
1836
1996
2156
2316
2476
77
237
397
557
717
877
1037
1197
1357
1517
1677
1837
1997
2157
2317
2477
78
238
398
558
718
878
1038
1198
1358
1518
1678
1838
1998
2158
2318
2478
79
239
399
559
719
879
1039
1199
1359
1519
1679
1839
1999
2159
2319
2479
80
240
400
560
720
880
1040
1200
1360
1520
1680
1840
2000
2160
2320
2480
81
241
401
561
721
881
1041
1201
1361
1521
1681
1841
2001
2161
2321
2481
82
242
402
562
722
882
1042
1202
1362
1522
1682
1842
2002
2162
2322
2482
83
243
403
563
723
883
1043
1203
1363
1523
1683
1843
2003
2163
2323
2483
84
244
404
564
724
884
1044
1204
1364
1524
1684
1844
2004
2164
2324
2484
85
245
405
565
725
885
1045
1205
1365
1525
1685
1845
2005
2165
2325
2485
86
246
406
566
726
886
1046
1206
1366
1526
1686
1846
2006
2166
2326
2486
87
247
407
567
727
887
1047
1207
1367
1527
1687
1847
2007
2167
2327
2487
88
248
408
568
728
888
1048
1208
1368
1528
1688
1848
2008
2168
2328
2488
89
249
409
569
729
889
1049
1209
1369
1529
1689
1849
2009
2169
2329
2489
90
250
410
570
730
890
1050
1210
1370
1530
1690
1850
2010
2170
2330
2490
91
251
411
571
731
891
1051
1211
1371
1531
1691
1851
2011
2171
2331
2491
92
252
412
572
732
892
1052
1212
1372
1532
1692
1852
2012
2172
2332
2492
93
253
413
573
733
893
1053
1213
1373
1533
1693
1853
2013
2173
2333
2493
94
254
414
574
734
894
1054
1214
1374
1534
1694
1854
2014
2174
2334
2494
95
255
415
575
735
895
1055
1215
1375
1535
1695
1855
2015
2175
2335
2495
96
256
416
576
736
896
1056
1216
1376
1536
1696
1856
2016
2176
2336
2496
97
257
417
577
737
897
1057
1217
1377
1537
1697
1857
2017
2177
2337
2497
98
258
418
578
738
898
1058
1218
1378
1538
1698
1858
2018
2178
2338
2498
99
259
419
579
739
899
1059
1219
1379
1539
1699
1859
2019
2179
2339
2499
100
260
420
580
740
900
1060
1220
1380
1540
1700
1860
2020
2180
2340
2500
101
261
421
581
741
901
1061
1221
1381
1541
1701
1861
2021
2181
2341
2501
102
262
422
582
742
902
1062
1222
1382
1542
1702
1862
2022
2182
2342
2502
103
263
423
583
743
903
1063
1223
1383
1543
1703
1863
2023
2183
2343
2503
104
264
424
584
744
904
1064
1224
1384
1544
1704
1864
2024
2184
2344
2504
105
265
425
585
745
905
1065
1225
1385
1545
1705
1865
2025
2185
2345
2505
106
266
426
586
746
906
1066
1226
1386
1546
1706
1866
2026
2186
2346
2506
107
267
427
587
747
907
1067
1227
1387
1547
1707
1867
2027
2187
2347
2507
108
268
428
588
748
908
1068
1228
1388
1548
1708
1868
2028
2188
2348
2508
109
269
429
589
749
909
1069
1229
1389
1549
1709
1869
2029
2189
2349
2509
110
270
430
590
750
910
1070
1230
1390
1550
1710
1870
2030
2190
2350
2510
111
271
431
591
751
911
1071
1231
1391
1551
1711
1871
2031
2191
2351
2511
112
272
432
592
752
912
1072
1232
1392
1552
1712
1872
2032
2192
2352
2512
113
273
433
593
753
913
1073
1233
1393
1553
1713
1873
2033
2193
2353
2513
114
274
434
594
754
914
1074
1234
1394
1554
1714
1874
2034
2194
2354
2514
115
275
435
595
755
915
1075
1235
1395
1555
1715
1875
2035
2195
2355
2515
116
276
436
596
756
916
1076
1236
1396
1556
1716
1876
2036
2196
2356
2516
117
277
437
597
757
917
1077
1237
1397
1557
1717
1877
2037
2197
2357
2517
118
278
438
598
758
918
1078
1238
1398
1558
1718
1878
2038
2198
2358
2518
119
279
439
599
759
919
1079
1239
1399
1559
1719
1879
2039
2199
2359
2519
120
280
440
600
760
920
1080
1240
1400
1560
1720
1880
2040
2200
2360
2520
121
281
441
601
761
921
1081
1241
1401
1561
1721
1881
2041
2201
2361
2521
122
282
442
602
762
922
1082
1242
1402
1562
1722
1882
2042
2202
2362
2522
123
283
443
603
763
923
1083
1243
1403
1563
1723
1883
2043
2203
2363
2523
124
284
444
604
764
924
1084
1244
1404
1564
1724
1884
2044
2204
2364
2524
125
285
445
605
765
925
1085
1245
1405
1565
1725
1885
2045
2205
2365
2525
126
286
446
606
766
926
1086
1246
1406
1566
1726
1886
2046
2206
2366
2526
127
287
447
607
767
927
1087
1247
1407
1567
1727
1887
2047
2207
2367
2527
128
288
448
608
768
928
1088
1248
1408
1568
1728
1888
2048
2208
2368
2528
129
289
449
609
769
929
1089
1249
1409
1569
1729
1889
2049
2209
2369
2529
130
290
450
610
770
930
1090
1250
1410
1570
1730
1890
2050
2210
2370
2530
131
291
451
611
771
931
1091
1251
1411
1571
1731
1891
2051
2211
2371
2531
132
292
452
612
772
932
1092
1252
1412
1572
1732
1892
2052
2212
2372
2532
133
293
453
613
773
933
1093
1253
1413
1573
1733
1893
2053
2213
2373
2533
134
294
454
614
774
934
1094
1254
1414
1574
1734
1894
2054
2214
2374
2534
135
295
455
615
775
935
1095
1255
1415
1575
1735
1895
2055
2215
2375
2535
136
296
456
616
776
936
1096
1256
1416
1576
1736
1896
2056
2216
2376
2536
137
297
457
617
777
937
1097
1257
1417
1577
1737
1897
2057
2217
2377
2537
138
298
458
618
778
938
1098
1258
1418
1578
1738
1898
2058
2218
2378
2538
139
299
459
619
779
939
1099
1259
1419
1579
1739
1899
2059
2219
2379
2539
140
300
460
620
780
940
1100
1260
1420
1580
1740
1900
2060
2220
2380
2540
141
301
461
621
781
941
1101
1261
1421
1581
1741
1901
2061
2221
2381
2541
142
302
462
622
782
942
1102
1262
1422
1582
1742
1902
2062
2222
2382
2542
143
303
463
623
783
943
1103
1263
1423
1583
1743
1903
2063
2223
2383
2543
144
304
464
624
784
944
1104
1264
1424
1584
1744
1904
2064
2224
2384
2544
145
305
465
625
785
945
1105
1265
1425
1585
1745
1905
2065
2225
2385
2545
146
306
466
626
786
946
1106
1266
1426
1586
1746
1906
2066
2226
2386
2546
147
307
467
627
787
947
1107
1267
1427
1587
1747
1907
2067
2227
2387
2547
148
308
468
628
788
948
1108
1268
1428
1588
1748
1908
2068
2228
2388
2548
149
309
469
629
789
949
1109
1269
1429
1589
1749
1909
2069
2229
2389
2549
150
310
470
630
790
950
1110
1270
1430
1590
1750
1910
2070
2230
2390
2550
151
311
471
631
791
951
1111
1271
1431
1591
1751
1911
2071
2231
2391
2551
152
312
472
632
792
952
1112
1272
1432
1592
1752
1912
2072
2232
2392
2552
153
313
473
633
793
953
1113
1273
1433
1593
1753
1913
2073
2233
2393
2553
154
314
474
634
794
954
1114
1274
1434
1594
1754
1914
2074
2234
2394
2554
155
315
475
635
795
955
1115
1275
1435
1595
1755
1915
2075
2235
2395
2555
156
316
476
636
796
956
1116
1276
1436
1596
1756
1916
2076
2236
2396
2556
157
317
477
637
797
957
1117
1277
1437
1597
1757
1917
2077
2237
2397
2557
158
318
478
638
798
958
1118
1278
1438
1598
1758
1918
2078
2238
2398
2558
159
319
479
639
799
959
1119
1279
1439
1599
1759
1919
2079
2239
2399
2559
0
160
320
480
640
800
960
1120
1280
1440
1600
1760
1920
2080
2240
2400
1
161
321
481
641
801
961
1121
1281
1441
1601
1761
1921
2081
2241
2401
2
162
322
482
642
802
962
1122
1282
1442
1602
1762
1922
2082
2242
2402
3
163
323
483
643
803
963
1123
1283
1443
1603
1763
1923
2083
2243
2403
4
164
324
484
644
804
964
1124
1284
1444
1604
1764
1924
2084
2244
2404
5
165
325
485
645
805
965
1125
1285
1445
1605
1765
1925
2085
2245
2405
6
166
326
486
646
806
966
1126
1286
1446
1606
1766
1926
2086
2246
2406
7
167
327
487
647
807
967
1127
1287
1447
1607
1767
1927
2087
2247
2407
8
168
328
488
648
808
968
1128
1288
1448
1608
1768
1928
2088
2248
2408
9
169
329
489
649
809
969
1129
1289
1449
1609
1769
1929
2089
2249
2409
10
170
330
490
650
810
970
1130
1290
1450
1610
1770
1930
2090
2250
2410
11
171
331
491
651
811
971
1131
1291
1451
1611
1771
1931
2091
2251
2411
12
172
332
492
652
812
972
1132
1292
1452
1612
1772
1932
2092
2252
2412
13
173
333
493
653
813
973
1133
1293
1453
1613
1773
1933
2093
2253
2413
14
174
334
494
654
814
974
1134
1294
1454
1614
1774
1934
2094
2254
2414
15
175
335
495
655
815
975
1135
1295
1455
1615
1775
1935
2095
2255
2415
16
176
336
496
656
816
976
1136
1296
1456
1616
1776
1936
2096
2256
2416
17
177
337
497
657
817
977
1137
1297
1457
1617
1777
1937
2097
2257
2417
18
178
338
498
658
818
978
1138
1298
1458
1618
1778
1938
2098
2258
2418
19
179
339
499
659
819
979
1139
1299
1459
1619
1779
1939
2099
2259
2419
20
180
340
500
660
820
980
1140
1300
1460
1620
1780
1940
2100
2260
2420
21
181
341
501
661
821
981
1141
1301
1461
1621
1781
1941
2101
2261
2421
22
182
342
502
662
822
982
1142
1302
1462
1622
1782
1942
2102
2262
2422
23
183
343
503
663
823
983
1143
1303
1463
1623
1783
1943
2103
2263
2423
24
184
344
504
664
824
984
1144
1304
1464
1624
1784
1944
2104
2264
2424
25
185
345
505
665
825
985
1145
1305
1465
1625
1785
1945
2105
2265
2425
26
186
346
506
666
826
986
1146
1306
1466
1626
1786
1946
2106
2266
2426
27
187
347
507
667
827
987
1147
1307
1467
1627
1787
1947
2107
2267
2427
28
188
348
508
668
828
988
1148
1308
1468
1628
1788
1948
2108
2268
2428
29
189
349
509
669
829
989
1149
1309
1469
1629
1789
1949
2109
2269
2429
30
190
350
510
670
830
990
1150
1310
1470
1630
1790
1950
2110
2270
2430
31
191
351
511
671
831
991
1151
1311
1471
1631
1791
1951
2111
2271
2431
32
192
352
512
672
832
992
1152
1312
1472
1632
1792
1952
2112
2272
2432
33
193
353
513
673
833
993
1153
1313
1473
1633
1793
1953
2113
2273
2433
34
194
354
514
674
834
994
1154
1314
1474
1634
1794
1954
2114
2274
2434
35
195
355
515
675
835
995
1155
1315
1475
1635
1795
1955
2115
2275
2435
36
196
356
516
676
836
996
1156
1316
1476
1636
1796
1956
2116
2276
2436
37
197
357
517
677
837
997
1157
1317
1477
1637
1797
1957
2117
2277
2437
38
198
358
518
678
838
998
1158
1318
1478
1638
1798
1958
2118
2278
2438
39
199
359
519
679
839
999
1159
1319
1479
1639
1799
1959
2119
2279
2439
40
200
360
520
680
840
1000
1160
1320
1480
1640
1800
1960
2120
2280
2440
41
201
361
521
681
841
1001
1161
1321
1481
1641
1801
1961
2121
2281
2441
42
202
362
522
682
842
1002
1162
1322
1482
1642
1802
1962
2122
2282
2442
43
203
363
523
683
843
1003
1163
1323
1483
1643
1803
1963
2123
2283
2443
44
204
364
524
684
844
1004
1164
1324
1484
1644
1804
1964
2124
2284
2444
45
205
365
525
685
845
1005
1165
1325
1485
1645
1805
1965
2125
2285
2445
46
206
366
526
686
846
1006
1166
1326
1486
1646
1806
1966
2126
2286
2446
47
207
367
527
687
847
1007
1167
1327
1487
1647
1807
1967
2127
2287
2447
48
208
368
528
688
848
1008
1168
1328
1488
1648
1808
1968
2128
2288
2448
49
209
369
529
689
849
1009
1169
1329
1489
1649
1809
1969
2129
2289
2449
50
210
370
530
690
850
1010
1170
1330
1490
1650
1810
1970
2130
2290
2450
51
211
371
531
691
851
1011
1171
1331
1491
1651
1811
1971
2131
2291
2451
52
212
372
532
692
852
1012
1172
1332
1492
1652
1812
1972
2132
2292
2452
53
213
373
533
693
853
1013
1173
1333
1493
1653
1813
1973
2133
2293
2453
54
214
374
534
694
854
1014
1174
1334
1494
1654
1814
1974
2134
2294
2454
55
215
375
535
695
855
1015
1175
1335
1495
1655
1815
1975
2135
2295
2455
56
216
376
536
696
856
1016
1176
1336
1496
1656
1816
1976
2136
2296
2456
57
217
377
537
697
857
1017
1177
1337
1497
1657
1817
1977
2137
2297
2457
58
218
378
538
698
858
1018
1178
1338
1498
1658
1818
1978
2138
2298
2458
59
219
379
539
699
859
1019
1179
1339
1499
1659
1819
1979
2139
2299
2459
60
220
380
540
700
860
1020
1180
1340
1500
1660
1820
1980
2140
2300
2460
61
221
381
541
701
861
1021
1181
1341
1501
1661
1821
1981
2141
2301
2461
62
222
382
542
702
862
1022
1182
1342
1502
1662
1822
1982
2142
2302
2462
63
223
383
543
703
863
1023
1183
1343
1503
1663
1823
1983
2143
2303
2463
64
224
384
544
704
864
1024
1184
1344
1504
1664
1824
1984
2144
2304
2464
65
225
385
545
705
865
1025
1185
1345
1505
1665
1825
1985
2145
2305
2465
66
226
386
546
706
866
1026
1186
1346
1506
1666
1826
1986
2146
2306
2466
67
227
387
547
707
867
1027
1187
1347
1507
1667
1827
1987
2147
2307
2467
68
228
388
548
708
868
1028
1188
1348
1508
1668
1828
1988
2148
2308
2468
69
229
389
549
709
869
1029
1189
1349
1509
1669
1829
1989
2149
2309
2469
70
230
390
550
710
870
1030
1190
1350
1510
1670
1830
1990
2150
2310
2470
71
231
391
551
711
871
1031
1191
1351
1511
1671
1831
1991
2151
2311
2471
72
232
392
552
712
872
1032
1192
1352
1512
1672
1832
1992
2152
2312
2472
73
233
393
553
713
873
1033
1193
1353
1513
1673
1833
1993
2153
2313
2473
74
234
394
554
714
874
1034
1194
1354
1514
1674
1834
1994
2154
2314
2474
75
235
395
555
715
875
1035
1195
1355
1515
1675
1835
1995
2155
2315
2475
76
236
396
556
716
876
1036
1196
1356
1516
1676
1836
1996
2156
2316
2476
77
237
397
557
717
877
1037
1197
1357
1517
1677
1837
1997
2157
2317
2477
78
238
398
558
718
878
1038
1198
1358
1518
1678
1838
1998
2158
2318
2478
79
239
399
559
719
879
1039
1199
1359
1519
1679
1839
1999
2159
2319
2479
80
240
400
560
720
880
1040
1200
1360
1520
1680
1840
2000
2160
2320
2480
81
241
401
561
721
881
1041
1201
1361
1521
1681
1841
2001
2161
2321
2481
82
242
402
562
722
882
1042
1202
1362
1522
1682
1842
2002
2162
2322
2482
83
243
403
563
723
883
1043
1203
1363
1523
1683
1843
2003
2163
2323
2483
84
244
404
564
724
884
1044
1204
1364
1524
1684
1844
2004
2164
2324
2484
85
245
405
565
725
885
1045
1205
1365
1525
1685
1845
2005
2165
2325
2485
86
246
406
566
726
886
1046
1206
1366
1526
1686
1846
2006
2166
2326
2486
87
247
407
567
727
887
1047
1207
1367
1527
1687
1847
2007
2167
2327
2487
88
248
408
568
728
888
1048
1208
1368
1528
1688
1848
2008
2168
2328
2488
89
249
409
569
729
889
1049
1209
1369
1529
1689
1849
2009
2169
2329
2489
90
250
410
570
730
890
1050
1210
1370
1530
1690
1850
2010
2170
2330
2490
91
251
411
571
731
891
1051
1211
1371
1531
1691
1851
2011
2171
2331
2491
92
252
412
572
732
892
1052
1212
1372
1532
1692
1852
2012
2172
2332
2492
93
253
413
573
733
893
1053
1213
1373
1533
1693
1853
2013
2173
2333
2493
94
254
414
574
734
894
1054
1214
1374
1534
1694
1854
2014
2174
2334
2494
95
255
415
575
735
895
1055
1215
1375
1535
1695
1855
2015
2175
2335
2495
96
256
416
576
736
896
1056
1216
1376
1536
1696
1856
2016
2176
2336
2496
97
257
417
577
737
897
1057
1217
1377
1537
1697
1857
2017
2177
2337
2497
98
258
418
578
738
898
1058
1218
1378
1538
1698
1858
2018
2178
2338
2498
99
259
419
579
739
899
1059
1219
1379
1539
1699
1859
2019
2179
2339
2499
100
260
420
580
740
900
1060
1220
1380
1540
1700
1860
2020
2180
2340
2500
101
261
421
581
741
901
1061
1221
1381
1541
1701
1861
2021
2181
2341
2501
102
262
422
582
742
902
1062
1222
1382
1542
1702
1862
2022
2182
2342
2502
103
263
423
583
743
903
1063
1223
1383
1543
1703
1863
2023
2183
2343
2503
104
264
424
584
744
904
1064
1224
1384
1544
1704
1864
2024
2184
2344
2504
105
265
425
585
745
905
1065
1225
1385
1545
1705
1865
2025
2185
2345
2505
106
266
426
586
746
906
1066
1226
1386
1546
1706
1866
2026
2186
2346
2506
107
267
427
587
747
907
1067
1227
1387
1547
1707
1867
2027
2187
2347
2507
108
268
428
588
748
908
1068
1228
1388
1548
1708
1868
2028
2188
2348
2508
109
269
429
589
749
909
1069
1229
1389
1549
1709
1869
2029
2189
2349
2509
110
270
430
590
750
910
1070
1230
1390
1550
1710
1870
2030
2190
2350
2510
111
271
431
591
751
911
1071
1231
1391
1551
1711
1871
2031
2191
2351
2511
112
272
432
592
752
912
1072
1232
1392
1552
1712
1872
2032
2192
2352
2512
113
273
433
593
753
913
1073
1233
1393
1553
1713
1873
2033
2193
2353
2513
114
274
434
594
754
914
1074
1234
1394
1554
1714
1874
2034
2194
2354
2514
115
275
435
595
755
915
1075
1235
1395
1555
1715
1875
2035
2195
2355
2515
116
276
436
596
756
916
1076
1236
1396
1556
1716
1876
2036
2196
2356
2516
117
277
437
597
757
917
1077
1237
1397
1557
1717
1877
2037
2197
2357
2517
118
278
438
598
758
918
1078
1238
1398
1558
1718
1878
2038
2198
2358
2518
119
279
439
599
759
919
1079
1239
1399
1559
1719
1879
2039
2199
2359
2519
120
280
440
600
760
920
1080
1240
1400
1560
1720
1880
2040
2200
2360
2520
121
281
441
601
761
921
1081
1241
1401
1561
1721
1881
2041
2201
2361
2521
122
282
442
602
762
922
1082
1242
1402
1562
1722
1882
2042
2202
2362
2522
123
283
443
603
763
923
1083
1243
1403
1563
1723
1883
2043
2203
2363
2523
124
284
444
604
764
924
1084
1244
1404
1564
1724
1884
2044
2204
2364
2524
125
285
445
605
765
925
1085
1245
1405
1565
1725
1885
2045
2205
2365
2525
126
286
446
606
766
926
1086
1246
1406
1566
1726
1886
2046
2206
2366
2526
127
287
447
607
767
927
1087
1247
1407
1567
1727
1887
2047
2207
2367
2527
128
288
448
608
768
928
1088
1248
1408
1568
1728
1888
2048
2208
2368
2528
129
289
449
609
769
929
1089
1249
1409
1569
1729
1889
2049
2209
2369
2529
130
290
450
610
770
930
1090
1250
1410
1570
1730
1890
2050
2210
2370
2530
131
291
451
611
771
931
1091
1251
1411
1571
1731
1891
2051
2211
2371
2531
132
292
452
612
772
932
1092
1252
1412
1572
1732
1892
2052
2212
2372
2532
133
293
453
613
773
933
1093
1253
1413
1573
1733
1893
2053
2213
2373
2533
134
294
454
614
774
934
1094
1254
1414
1574
1734
1894
2054
2214
2374
2534
135
295
455
615
775
935
1095
1255
1415
1575
1735
1895
2055
2215
2375
2535
136
296
456
616
776
936
1096
1256
1416
1576
1736
1896
2056
2216
2376
2536
137
297
457
617
777
937
1097
1257
1417
1577
1737
1897
2057
2217
2377
2537
138
298
458
618
778
938
1098
1258
1418
1578
1738
1898
2058
2218
2378
2538
139
299
459
619
779
939
1099
1259
1419
1579
1739
1899
2059
2219
2379
2539
140
300
460
620
780
940
1100
1260
1420
1580
1740
1900
2060
2220
2380
2540
141
301
461
621
781
941
1101
1261
1421
1581
1741
1901
2061
2221
2381
2541
142
302
462
622
782
942
1102
1262
1422
1582
1742
1902
2062
2222
2382
2542
143
303
463
623
783
943
1103
1263
1423
1583
1743
1903
2063
2223
2383
2543
144
304
464
624
784
944
1104
1264
1424
1584
1744
1904
2064
2224
2384
2544
145
305
465
625
785
945
1105
1265
1425
1585
1745
1905
2065
2225
2385
2545
146
306
466
626
786
946
1106
1266
1426
1586
1746
1906
2066
2226
2386
2546
147
307
467
627
787
947
1107
1267
1427
1587
1747
1907
2067
2227
2387
2547
148
308
468
628
788
948
1108
1268
1428
1588
1748
1908
2068
2228
2388
2548
149
309
469
629
789
949
1109
1269
1429
1589
1749
1909
2069
2229
2389
2549
150
310
470
630
790
950
1110
1270
1430
1590
1750
1910
2070
2230
2390
2550
151
311
471
631
791
951
1111
1271
1431
1591
1751
1911
2071
2231
2391
2551
152
312
472
632
792
952
1112
1272
1432
1592
1752
1912
2072
2232
2392
2552
153
313
473
633
793
953
1113
1273
1433
1593
1753
1913
2073
2233
2393
2553
154
314
474
634
794
954
1114
1274
1434
1594
1754
1914
2074
2234
2394
2554
155
315
475
635
795
955
1115
1275
1435
1595
1755
1915
2075
2235
2395
2555
156
316
476
636
796
956
1116
1276
1436
1596
1756
1916
2076
2236
2396
2556
157
317
477
637
797
957
1117
1277
1437
1597
1757
1917
2077
2237
2397
2557
158
318
478
638
798
958
1118
1278
1438
1598
1758
1918
2078
2238
2398
2558
159
319
479
639
799
959
1119
1279
1439
1599
1759
1919
2079
2239
2399
2559
)


// ************************************************************************* //
