/*--------------------------------*- C++ -*----------------------------------*\
| =========                 |                                                 |
| \\      /  F ield         | foam-extend: Open Source CFD                    |
|  \\    /   O peration     | Version:     4.0                                |
|   \\  /    A nd           | Web:         http://www.foam-extend.org         |
|    \\/     M anipulation  |                                                 |
\*---------------------------------------------------------------------------*/
FoamFile
{
    version     2.0;
    format      ascii;
    class       vectorField;
    location    "constant/polyMesh";
    object      points;
}
// * * * * * * * * * * * * * * * * * * * * * * * * * * * * * * * * * * * * * //


5474
(
(0 0 0)
(0.0125 0 0)
(0.025 0 0)
(0.0375 0 0)
(0.05 0 0)
(0.0625 0 0)
(0.075 0 0)
(0.0875 0 0)
(0.1 0 0)
(0.1125 0 0)
(0.125 0 0)
(0.1375 0 0)
(0.15 0 0)
(0.1625 0 0)
(0.175 0 0)
(0.1875 0 0)
(0.2 0 0)
(0.2125 0 0)
(0.225 0 0)
(0.2375 0 0)
(0.25 0 0)
(0.2625 0 0)
(0.275 0 0)
(0.2875 0 0)
(0.3 0 0)
(0.3125 0 0)
(0.325 0 0)
(0.3375 0 0)
(0.35 0 0)
(0.3625 0 0)
(0.375 0 0)
(0.3875 0 0)
(0.4 0 0)
(0.4125 0 0)
(0.425 0 0)
(0.4375 0 0)
(0.45 0 0)
(0.4625 0 0)
(0.475 0 0)
(0.4875 0 0)
(0.5 0 0)
(0.5125 0 0)
(0.525 0 0)
(0.5375 0 0)
(0.55 0 0)
(0.5625 0 0)
(0.575 0 0)
(0.5875 0 0)
(0.6 0 0)
(0.6125 0 0)
(0.625 0 0)
(0.6375 0 0)
(0.65 0 0)
(0.6625 0 0)
(0.675 0 0)
(0.6875 0 0)
(0.7 0 0)
(0.7125 0 0)
(0.725 0 0)
(0.7375 0 0)
(0.75 0 0)
(0.7625 0 0)
(0.775 0 0)
(0.7875 0 0)
(0.8 0 0)
(0.8125 0 0)
(0.825 0 0)
(0.8375 0 0)
(0.85 0 0)
(0.8625 0 0)
(0.875 0 0)
(0.8875 0 0)
(0.9 0 0)
(0.9125 0 0)
(0.925 0 0)
(0.9375 0 0)
(0.95 0 0)
(0.9625 0 0)
(0.975 0 0)
(0.9875 0 0)
(1 0 0)
(1.0125 0 0)
(1.025 0 0)
(1.0375 0 0)
(1.05 0 0)
(1.0625 0 0)
(1.075 0 0)
(1.0875 0 0)
(1.1 0 0)
(1.1125 0 0)
(1.125 0 0)
(1.1375 0 0)
(1.15 0 0)
(1.1625 0 0)
(1.175 0 0)
(1.1875 0 0)
(1.2 0 0)
(1.2125 0 0)
(1.225 0 0)
(1.2375 0 0)
(1.25 0 0)
(1.2625 0 0)
(1.275 0 0)
(1.2875 0 0)
(1.3 0 0)
(1.3125 0 0)
(1.325 0 0)
(1.3375 0 0)
(1.35 0 0)
(1.3625 0 0)
(1.375 0 0)
(1.3875 0 0)
(1.4 0 0)
(1.4125 0 0)
(1.425 0 0)
(1.4375 0 0)
(1.45 0 0)
(1.4625 0 0)
(1.475 0 0)
(1.4875 0 0)
(1.5 0 0)
(1.5125 0 0)
(1.525 0 0)
(1.5375 0 0)
(1.55 0 0)
(1.5625 0 0)
(1.575 0 0)
(1.5875 0 0)
(1.6 0 0)
(1.6125 0 0)
(1.625 0 0)
(1.6375 0 0)
(1.65 0 0)
(1.6625 0 0)
(1.675 0 0)
(1.6875 0 0)
(1.7 0 0)
(1.7125 0 0)
(1.725 0 0)
(1.7375 0 0)
(1.75 0 0)
(1.7625 0 0)
(1.775 0 0)
(1.7875 0 0)
(1.8 0 0)
(1.8125 0 0)
(1.825 0 0)
(1.8375 0 0)
(1.85 0 0)
(1.8625 0 0)
(1.875 0 0)
(1.8875 0 0)
(1.9 0 0)
(1.9125 0 0)
(1.925 0 0)
(1.9375 0 0)
(1.95 0 0)
(1.9625 0 0)
(1.975 0 0)
(1.9875 0 0)
(2 0 0)
(0 0.00625 0)
(0.0125 0.00625 0)
(0.025 0.00625 0)
(0.0375 0.00625 0)
(0.05 0.00625 0)
(0.0625 0.00625 0)
(0.075 0.00625 0)
(0.0875 0.00625 0)
(0.1 0.00625 0)
(0.1125 0.00625 0)
(0.125 0.00625 0)
(0.1375 0.00625 0)
(0.15 0.00625 0)
(0.1625 0.00625 0)
(0.175 0.00625 0)
(0.1875 0.00625 0)
(0.2 0.00625 0)
(0.2125 0.00625 0)
(0.225 0.00625 0)
(0.2375 0.00625 0)
(0.25 0.00625 0)
(0.2625 0.00625 0)
(0.275 0.00625 0)
(0.2875 0.00625 0)
(0.3 0.00625 0)
(0.3125 0.00625 0)
(0.325 0.00625 0)
(0.3375 0.00625 0)
(0.35 0.00625 0)
(0.3625 0.00625 0)
(0.375 0.00625 0)
(0.3875 0.00625 0)
(0.4 0.00625 0)
(0.4125 0.00625 0)
(0.425 0.00625 0)
(0.4375 0.00625 0)
(0.45 0.00625 0)
(0.4625 0.00625 0)
(0.475 0.00625 0)
(0.4875 0.00625 0)
(0.5 0.00625 0)
(0.5125 0.00625 0)
(0.525 0.00625 0)
(0.5375 0.00625 0)
(0.55 0.00625 0)
(0.5625 0.00625 0)
(0.575 0.00625 0)
(0.5875 0.00625 0)
(0.6 0.00625 0)
(0.6125 0.00625 0)
(0.625 0.00625 0)
(0.6375 0.00625 0)
(0.65 0.00625 0)
(0.6625 0.00625 0)
(0.675 0.00625 0)
(0.6875 0.00625 0)
(0.7 0.00625 0)
(0.7125 0.00625 0)
(0.725 0.00625 0)
(0.7375 0.00625 0)
(0.75 0.00625 0)
(0.7625 0.00625 0)
(0.775 0.00625 0)
(0.7875 0.00625 0)
(0.8 0.00625 0)
(0.8125 0.00625 0)
(0.825 0.00625 0)
(0.8375 0.00625 0)
(0.85 0.00625 0)
(0.8625 0.00625 0)
(0.875 0.00625 0)
(0.8875 0.00625 0)
(0.9 0.00625 0)
(0.9125 0.00625 0)
(0.925 0.00625 0)
(0.9375 0.00625 0)
(0.95 0.00625 0)
(0.9625 0.00625 0)
(0.975 0.00625 0)
(0.9875 0.00625 0)
(1 0.00625 0)
(1.0125 0.00625 0)
(1.025 0.00625 0)
(1.0375 0.00625 0)
(1.05 0.00625 0)
(1.0625 0.00625 0)
(1.075 0.00625 0)
(1.0875 0.00625 0)
(1.1 0.00625 0)
(1.1125 0.00625 0)
(1.125 0.00625 0)
(1.1375 0.00625 0)
(1.15 0.00625 0)
(1.1625 0.00625 0)
(1.175 0.00625 0)
(1.1875 0.00625 0)
(1.2 0.00625 0)
(1.2125 0.00625 0)
(1.225 0.00625 0)
(1.2375 0.00625 0)
(1.25 0.00625 0)
(1.2625 0.00625 0)
(1.275 0.00625 0)
(1.2875 0.00625 0)
(1.3 0.00625 0)
(1.3125 0.00625 0)
(1.325 0.00625 0)
(1.3375 0.00625 0)
(1.35 0.00625 0)
(1.3625 0.00625 0)
(1.375 0.00625 0)
(1.3875 0.00625 0)
(1.4 0.00625 0)
(1.4125 0.00625 0)
(1.425 0.00625 0)
(1.4375 0.00625 0)
(1.45 0.00625 0)
(1.4625 0.00625 0)
(1.475 0.00625 0)
(1.4875 0.00625 0)
(1.5 0.00625 0)
(1.5125 0.00625 0)
(1.525 0.00625 0)
(1.5375 0.00625 0)
(1.55 0.00625 0)
(1.5625 0.00625 0)
(1.575 0.00625 0)
(1.5875 0.00625 0)
(1.6 0.00625 0)
(1.6125 0.00625 0)
(1.625 0.00625 0)
(1.6375 0.00625 0)
(1.65 0.00625 0)
(1.6625 0.00625 0)
(1.675 0.00625 0)
(1.6875 0.00625 0)
(1.7 0.00625 0)
(1.7125 0.00625 0)
(1.725 0.00625 0)
(1.7375 0.00625 0)
(1.75 0.00625 0)
(1.7625 0.00625 0)
(1.775 0.00625 0)
(1.7875 0.00625 0)
(1.8 0.00625 0)
(1.8125 0.00625 0)
(1.825 0.00625 0)
(1.8375 0.00625 0)
(1.85 0.00625 0)
(1.8625 0.00625 0)
(1.875 0.00625 0)
(1.8875 0.00625 0)
(1.9 0.00625 0)
(1.9125 0.00625 0)
(1.925 0.00625 0)
(1.9375 0.00625 0)
(1.95 0.00625 0)
(1.9625 0.00625 0)
(1.975 0.00625 0)
(1.9875 0.00625 0)
(2 0.00625 0)
(0 0.0125 0)
(0.0125 0.0125 0)
(0.025 0.0125 0)
(0.0375 0.0125 0)
(0.05 0.0125 0)
(0.0625 0.0125 0)
(0.075 0.0125 0)
(0.0875 0.0125 0)
(0.1 0.0125 0)
(0.1125 0.0125 0)
(0.125 0.0125 0)
(0.1375 0.0125 0)
(0.15 0.0125 0)
(0.1625 0.0125 0)
(0.175 0.0125 0)
(0.1875 0.0125 0)
(0.2 0.0125 0)
(0.2125 0.0125 0)
(0.225 0.0125 0)
(0.2375 0.0125 0)
(0.25 0.0125 0)
(0.2625 0.0125 0)
(0.275 0.0125 0)
(0.2875 0.0125 0)
(0.3 0.0125 0)
(0.3125 0.0125 0)
(0.325 0.0125 0)
(0.3375 0.0125 0)
(0.35 0.0125 0)
(0.3625 0.0125 0)
(0.375 0.0125 0)
(0.3875 0.0125 0)
(0.4 0.0125 0)
(0.4125 0.0125 0)
(0.425 0.0125 0)
(0.4375 0.0125 0)
(0.45 0.0125 0)
(0.4625 0.0125 0)
(0.475 0.0125 0)
(0.4875 0.0125 0)
(0.5 0.0125 0)
(0.5125 0.0125 0)
(0.525 0.0125 0)
(0.5375 0.0125 0)
(0.55 0.0125 0)
(0.5625 0.0125 0)
(0.575 0.0125 0)
(0.5875 0.0125 0)
(0.6 0.0125 0)
(0.6125 0.0125 0)
(0.625 0.0125 0)
(0.6375 0.0125 0)
(0.65 0.0125 0)
(0.6625 0.0125 0)
(0.675 0.0125 0)
(0.6875 0.0125 0)
(0.7 0.0125 0)
(0.7125 0.0125 0)
(0.725 0.0125 0)
(0.7375 0.0125 0)
(0.75 0.0125 0)
(0.7625 0.0125 0)
(0.775 0.0125 0)
(0.7875 0.0125 0)
(0.8 0.0125 0)
(0.8125 0.0125 0)
(0.825 0.0125 0)
(0.8375 0.0125 0)
(0.85 0.0125 0)
(0.8625 0.0125 0)
(0.875 0.0125 0)
(0.8875 0.0125 0)
(0.9 0.0125 0)
(0.9125 0.0125 0)
(0.925 0.0125 0)
(0.9375 0.0125 0)
(0.95 0.0125 0)
(0.9625 0.0125 0)
(0.975 0.0125 0)
(0.9875 0.0125 0)
(1 0.0125 0)
(1.0125 0.0125 0)
(1.025 0.0125 0)
(1.0375 0.0125 0)
(1.05 0.0125 0)
(1.0625 0.0125 0)
(1.075 0.0125 0)
(1.0875 0.0125 0)
(1.1 0.0125 0)
(1.1125 0.0125 0)
(1.125 0.0125 0)
(1.1375 0.0125 0)
(1.15 0.0125 0)
(1.1625 0.0125 0)
(1.175 0.0125 0)
(1.1875 0.0125 0)
(1.2 0.0125 0)
(1.2125 0.0125 0)
(1.225 0.0125 0)
(1.2375 0.0125 0)
(1.25 0.0125 0)
(1.2625 0.0125 0)
(1.275 0.0125 0)
(1.2875 0.0125 0)
(1.3 0.0125 0)
(1.3125 0.0125 0)
(1.325 0.0125 0)
(1.3375 0.0125 0)
(1.35 0.0125 0)
(1.3625 0.0125 0)
(1.375 0.0125 0)
(1.3875 0.0125 0)
(1.4 0.0125 0)
(1.4125 0.0125 0)
(1.425 0.0125 0)
(1.4375 0.0125 0)
(1.45 0.0125 0)
(1.4625 0.0125 0)
(1.475 0.0125 0)
(1.4875 0.0125 0)
(1.5 0.0125 0)
(1.5125 0.0125 0)
(1.525 0.0125 0)
(1.5375 0.0125 0)
(1.55 0.0125 0)
(1.5625 0.0125 0)
(1.575 0.0125 0)
(1.5875 0.0125 0)
(1.6 0.0125 0)
(1.6125 0.0125 0)
(1.625 0.0125 0)
(1.6375 0.0125 0)
(1.65 0.0125 0)
(1.6625 0.0125 0)
(1.675 0.0125 0)
(1.6875 0.0125 0)
(1.7 0.0125 0)
(1.7125 0.0125 0)
(1.725 0.0125 0)
(1.7375 0.0125 0)
(1.75 0.0125 0)
(1.7625 0.0125 0)
(1.775 0.0125 0)
(1.7875 0.0125 0)
(1.8 0.0125 0)
(1.8125 0.0125 0)
(1.825 0.0125 0)
(1.8375 0.0125 0)
(1.85 0.0125 0)
(1.8625 0.0125 0)
(1.875 0.0125 0)
(1.8875 0.0125 0)
(1.9 0.0125 0)
(1.9125 0.0125 0)
(1.925 0.0125 0)
(1.9375 0.0125 0)
(1.95 0.0125 0)
(1.9625 0.0125 0)
(1.975 0.0125 0)
(1.9875 0.0125 0)
(2 0.0125 0)
(0 0.01875 0)
(0.0125 0.01875 0)
(0.025 0.01875 0)
(0.0375 0.01875 0)
(0.05 0.01875 0)
(0.0625 0.01875 0)
(0.075 0.01875 0)
(0.0875 0.01875 0)
(0.1 0.01875 0)
(0.1125 0.01875 0)
(0.125 0.01875 0)
(0.1375 0.01875 0)
(0.15 0.01875 0)
(0.1625 0.01875 0)
(0.175 0.01875 0)
(0.1875 0.01875 0)
(0.2 0.01875 0)
(0.2125 0.01875 0)
(0.225 0.01875 0)
(0.2375 0.01875 0)
(0.25 0.01875 0)
(0.2625 0.01875 0)
(0.275 0.01875 0)
(0.2875 0.01875 0)
(0.3 0.01875 0)
(0.3125 0.01875 0)
(0.325 0.01875 0)
(0.3375 0.01875 0)
(0.35 0.01875 0)
(0.3625 0.01875 0)
(0.375 0.01875 0)
(0.3875 0.01875 0)
(0.4 0.01875 0)
(0.4125 0.01875 0)
(0.425 0.01875 0)
(0.4375 0.01875 0)
(0.45 0.01875 0)
(0.4625 0.01875 0)
(0.475 0.01875 0)
(0.4875 0.01875 0)
(0.5 0.01875 0)
(0.5125 0.01875 0)
(0.525 0.01875 0)
(0.5375 0.01875 0)
(0.55 0.01875 0)
(0.5625 0.01875 0)
(0.575 0.01875 0)
(0.5875 0.01875 0)
(0.6 0.01875 0)
(0.6125 0.01875 0)
(0.625 0.01875 0)
(0.6375 0.01875 0)
(0.65 0.01875 0)
(0.6625 0.01875 0)
(0.675 0.01875 0)
(0.6875 0.01875 0)
(0.7 0.01875 0)
(0.7125 0.01875 0)
(0.725 0.01875 0)
(0.7375 0.01875 0)
(0.75 0.01875 0)
(0.7625 0.01875 0)
(0.775 0.01875 0)
(0.7875 0.01875 0)
(0.8 0.01875 0)
(0.8125 0.01875 0)
(0.825 0.01875 0)
(0.8375 0.01875 0)
(0.85 0.01875 0)
(0.8625 0.01875 0)
(0.875 0.01875 0)
(0.8875 0.01875 0)
(0.9 0.01875 0)
(0.9125 0.01875 0)
(0.925 0.01875 0)
(0.9375 0.01875 0)
(0.95 0.01875 0)
(0.9625 0.01875 0)
(0.975 0.01875 0)
(0.9875 0.01875 0)
(1 0.01875 0)
(1.0125 0.01875 0)
(1.025 0.01875 0)
(1.0375 0.01875 0)
(1.05 0.01875 0)
(1.0625 0.01875 0)
(1.075 0.01875 0)
(1.0875 0.01875 0)
(1.1 0.01875 0)
(1.1125 0.01875 0)
(1.125 0.01875 0)
(1.1375 0.01875 0)
(1.15 0.01875 0)
(1.1625 0.01875 0)
(1.175 0.01875 0)
(1.1875 0.01875 0)
(1.2 0.01875 0)
(1.2125 0.01875 0)
(1.225 0.01875 0)
(1.2375 0.01875 0)
(1.25 0.01875 0)
(1.2625 0.01875 0)
(1.275 0.01875 0)
(1.2875 0.01875 0)
(1.3 0.01875 0)
(1.3125 0.01875 0)
(1.325 0.01875 0)
(1.3375 0.01875 0)
(1.35 0.01875 0)
(1.3625 0.01875 0)
(1.375 0.01875 0)
(1.3875 0.01875 0)
(1.4 0.01875 0)
(1.4125 0.01875 0)
(1.425 0.01875 0)
(1.4375 0.01875 0)
(1.45 0.01875 0)
(1.4625 0.01875 0)
(1.475 0.01875 0)
(1.4875 0.01875 0)
(1.5 0.01875 0)
(1.5125 0.01875 0)
(1.525 0.01875 0)
(1.5375 0.01875 0)
(1.55 0.01875 0)
(1.5625 0.01875 0)
(1.575 0.01875 0)
(1.5875 0.01875 0)
(1.6 0.01875 0)
(1.6125 0.01875 0)
(1.625 0.01875 0)
(1.6375 0.01875 0)
(1.65 0.01875 0)
(1.6625 0.01875 0)
(1.675 0.01875 0)
(1.6875 0.01875 0)
(1.7 0.01875 0)
(1.7125 0.01875 0)
(1.725 0.01875 0)
(1.7375 0.01875 0)
(1.75 0.01875 0)
(1.7625 0.01875 0)
(1.775 0.01875 0)
(1.7875 0.01875 0)
(1.8 0.01875 0)
(1.8125 0.01875 0)
(1.825 0.01875 0)
(1.8375 0.01875 0)
(1.85 0.01875 0)
(1.8625 0.01875 0)
(1.875 0.01875 0)
(1.8875 0.01875 0)
(1.9 0.01875 0)
(1.9125 0.01875 0)
(1.925 0.01875 0)
(1.9375 0.01875 0)
(1.95 0.01875 0)
(1.9625 0.01875 0)
(1.975 0.01875 0)
(1.9875 0.01875 0)
(2 0.01875 0)
(0 0.025 0)
(0.0125 0.025 0)
(0.025 0.025 0)
(0.0375 0.025 0)
(0.05 0.025 0)
(0.0625 0.025 0)
(0.075 0.025 0)
(0.0875 0.025 0)
(0.1 0.025 0)
(0.1125 0.025 0)
(0.125 0.025 0)
(0.1375 0.025 0)
(0.15 0.025 0)
(0.1625 0.025 0)
(0.175 0.025 0)
(0.1875 0.025 0)
(0.2 0.025 0)
(0.2125 0.025 0)
(0.225 0.025 0)
(0.2375 0.025 0)
(0.25 0.025 0)
(0.2625 0.025 0)
(0.275 0.025 0)
(0.2875 0.025 0)
(0.3 0.025 0)
(0.3125 0.025 0)
(0.325 0.025 0)
(0.3375 0.025 0)
(0.35 0.025 0)
(0.3625 0.025 0)
(0.375 0.025 0)
(0.3875 0.025 0)
(0.4 0.025 0)
(0.4125 0.025 0)
(0.425 0.025 0)
(0.4375 0.025 0)
(0.45 0.025 0)
(0.4625 0.025 0)
(0.475 0.025 0)
(0.4875 0.025 0)
(0.5 0.025 0)
(0.5125 0.025 0)
(0.525 0.025 0)
(0.5375 0.025 0)
(0.55 0.025 0)
(0.5625 0.025 0)
(0.575 0.025 0)
(0.5875 0.025 0)
(0.6 0.025 0)
(0.6125 0.025 0)
(0.625 0.025 0)
(0.6375 0.025 0)
(0.65 0.025 0)
(0.6625 0.025 0)
(0.675 0.025 0)
(0.6875 0.025 0)
(0.7 0.025 0)
(0.7125 0.025 0)
(0.725 0.025 0)
(0.7375 0.025 0)
(0.75 0.025 0)
(0.7625 0.025 0)
(0.775 0.025 0)
(0.7875 0.025 0)
(0.8 0.025 0)
(0.8125 0.025 0)
(0.825 0.025 0)
(0.8375 0.025 0)
(0.85 0.025 0)
(0.8625 0.025 0)
(0.875 0.025 0)
(0.8875 0.025 0)
(0.9 0.025 0)
(0.9125 0.025 0)
(0.925 0.025 0)
(0.9375 0.025 0)
(0.95 0.025 0)
(0.9625 0.025 0)
(0.975 0.025 0)
(0.9875 0.025 0)
(1 0.025 0)
(1.0125 0.025 0)
(1.025 0.025 0)
(1.0375 0.025 0)
(1.05 0.025 0)
(1.0625 0.025 0)
(1.075 0.025 0)
(1.0875 0.025 0)
(1.1 0.025 0)
(1.1125 0.025 0)
(1.125 0.025 0)
(1.1375 0.025 0)
(1.15 0.025 0)
(1.1625 0.025 0)
(1.175 0.025 0)
(1.1875 0.025 0)
(1.2 0.025 0)
(1.2125 0.025 0)
(1.225 0.025 0)
(1.2375 0.025 0)
(1.25 0.025 0)
(1.2625 0.025 0)
(1.275 0.025 0)
(1.2875 0.025 0)
(1.3 0.025 0)
(1.3125 0.025 0)
(1.325 0.025 0)
(1.3375 0.025 0)
(1.35 0.025 0)
(1.3625 0.025 0)
(1.375 0.025 0)
(1.3875 0.025 0)
(1.4 0.025 0)
(1.4125 0.025 0)
(1.425 0.025 0)
(1.4375 0.025 0)
(1.45 0.025 0)
(1.4625 0.025 0)
(1.475 0.025 0)
(1.4875 0.025 0)
(1.5 0.025 0)
(1.5125 0.025 0)
(1.525 0.025 0)
(1.5375 0.025 0)
(1.55 0.025 0)
(1.5625 0.025 0)
(1.575 0.025 0)
(1.5875 0.025 0)
(1.6 0.025 0)
(1.6125 0.025 0)
(1.625 0.025 0)
(1.6375 0.025 0)
(1.65 0.025 0)
(1.6625 0.025 0)
(1.675 0.025 0)
(1.6875 0.025 0)
(1.7 0.025 0)
(1.7125 0.025 0)
(1.725 0.025 0)
(1.7375 0.025 0)
(1.75 0.025 0)
(1.7625 0.025 0)
(1.775 0.025 0)
(1.7875 0.025 0)
(1.8 0.025 0)
(1.8125 0.025 0)
(1.825 0.025 0)
(1.8375 0.025 0)
(1.85 0.025 0)
(1.8625 0.025 0)
(1.875 0.025 0)
(1.8875 0.025 0)
(1.9 0.025 0)
(1.9125 0.025 0)
(1.925 0.025 0)
(1.9375 0.025 0)
(1.95 0.025 0)
(1.9625 0.025 0)
(1.975 0.025 0)
(1.9875 0.025 0)
(2 0.025 0)
(0 0.03125 0)
(0.0125 0.03125 0)
(0.025 0.03125 0)
(0.0375 0.03125 0)
(0.05 0.03125 0)
(0.0625 0.03125 0)
(0.075 0.03125 0)
(0.0875 0.03125 0)
(0.1 0.03125 0)
(0.1125 0.03125 0)
(0.125 0.03125 0)
(0.1375 0.03125 0)
(0.15 0.03125 0)
(0.1625 0.03125 0)
(0.175 0.03125 0)
(0.1875 0.03125 0)
(0.2 0.03125 0)
(0.2125 0.03125 0)
(0.225 0.03125 0)
(0.2375 0.03125 0)
(0.25 0.03125 0)
(0.2625 0.03125 0)
(0.275 0.03125 0)
(0.2875 0.03125 0)
(0.3 0.03125 0)
(0.3125 0.03125 0)
(0.325 0.03125 0)
(0.3375 0.03125 0)
(0.35 0.03125 0)
(0.3625 0.03125 0)
(0.375 0.03125 0)
(0.3875 0.03125 0)
(0.4 0.03125 0)
(0.4125 0.03125 0)
(0.425 0.03125 0)
(0.4375 0.03125 0)
(0.45 0.03125 0)
(0.4625 0.03125 0)
(0.475 0.03125 0)
(0.4875 0.03125 0)
(0.5 0.03125 0)
(0.5125 0.03125 0)
(0.525 0.03125 0)
(0.5375 0.03125 0)
(0.55 0.03125 0)
(0.5625 0.03125 0)
(0.575 0.03125 0)
(0.5875 0.03125 0)
(0.6 0.03125 0)
(0.6125 0.03125 0)
(0.625 0.03125 0)
(0.6375 0.03125 0)
(0.65 0.03125 0)
(0.6625 0.03125 0)
(0.675 0.03125 0)
(0.6875 0.03125 0)
(0.7 0.03125 0)
(0.7125 0.03125 0)
(0.725 0.03125 0)
(0.7375 0.03125 0)
(0.75 0.03125 0)
(0.7625 0.03125 0)
(0.775 0.03125 0)
(0.7875 0.03125 0)
(0.8 0.03125 0)
(0.8125 0.03125 0)
(0.825 0.03125 0)
(0.8375 0.03125 0)
(0.85 0.03125 0)
(0.8625 0.03125 0)
(0.875 0.03125 0)
(0.8875 0.03125 0)
(0.9 0.03125 0)
(0.9125 0.03125 0)
(0.925 0.03125 0)
(0.9375 0.03125 0)
(0.95 0.03125 0)
(0.9625 0.03125 0)
(0.975 0.03125 0)
(0.9875 0.03125 0)
(1 0.03125 0)
(1.0125 0.03125 0)
(1.025 0.03125 0)
(1.0375 0.03125 0)
(1.05 0.03125 0)
(1.0625 0.03125 0)
(1.075 0.03125 0)
(1.0875 0.03125 0)
(1.1 0.03125 0)
(1.1125 0.03125 0)
(1.125 0.03125 0)
(1.1375 0.03125 0)
(1.15 0.03125 0)
(1.1625 0.03125 0)
(1.175 0.03125 0)
(1.1875 0.03125 0)
(1.2 0.03125 0)
(1.2125 0.03125 0)
(1.225 0.03125 0)
(1.2375 0.03125 0)
(1.25 0.03125 0)
(1.2625 0.03125 0)
(1.275 0.03125 0)
(1.2875 0.03125 0)
(1.3 0.03125 0)
(1.3125 0.03125 0)
(1.325 0.03125 0)
(1.3375 0.03125 0)
(1.35 0.03125 0)
(1.3625 0.03125 0)
(1.375 0.03125 0)
(1.3875 0.03125 0)
(1.4 0.03125 0)
(1.4125 0.03125 0)
(1.425 0.03125 0)
(1.4375 0.03125 0)
(1.45 0.03125 0)
(1.4625 0.03125 0)
(1.475 0.03125 0)
(1.4875 0.03125 0)
(1.5 0.03125 0)
(1.5125 0.03125 0)
(1.525 0.03125 0)
(1.5375 0.03125 0)
(1.55 0.03125 0)
(1.5625 0.03125 0)
(1.575 0.03125 0)
(1.5875 0.03125 0)
(1.6 0.03125 0)
(1.6125 0.03125 0)
(1.625 0.03125 0)
(1.6375 0.03125 0)
(1.65 0.03125 0)
(1.6625 0.03125 0)
(1.675 0.03125 0)
(1.6875 0.03125 0)
(1.7 0.03125 0)
(1.7125 0.03125 0)
(1.725 0.03125 0)
(1.7375 0.03125 0)
(1.75 0.03125 0)
(1.7625 0.03125 0)
(1.775 0.03125 0)
(1.7875 0.03125 0)
(1.8 0.03125 0)
(1.8125 0.03125 0)
(1.825 0.03125 0)
(1.8375 0.03125 0)
(1.85 0.03125 0)
(1.8625 0.03125 0)
(1.875 0.03125 0)
(1.8875 0.03125 0)
(1.9 0.03125 0)
(1.9125 0.03125 0)
(1.925 0.03125 0)
(1.9375 0.03125 0)
(1.95 0.03125 0)
(1.9625 0.03125 0)
(1.975 0.03125 0)
(1.9875 0.03125 0)
(2 0.03125 0)
(0 0.0375 0)
(0.0125 0.0375 0)
(0.025 0.0375 0)
(0.0375 0.0375 0)
(0.05 0.0375 0)
(0.0625 0.0375 0)
(0.075 0.0375 0)
(0.0875 0.0375 0)
(0.1 0.0375 0)
(0.1125 0.0375 0)
(0.125 0.0375 0)
(0.1375 0.0375 0)
(0.15 0.0375 0)
(0.1625 0.0375 0)
(0.175 0.0375 0)
(0.1875 0.0375 0)
(0.2 0.0375 0)
(0.2125 0.0375 0)
(0.225 0.0375 0)
(0.2375 0.0375 0)
(0.25 0.0375 0)
(0.2625 0.0375 0)
(0.275 0.0375 0)
(0.2875 0.0375 0)
(0.3 0.0375 0)
(0.3125 0.0375 0)
(0.325 0.0375 0)
(0.3375 0.0375 0)
(0.35 0.0375 0)
(0.3625 0.0375 0)
(0.375 0.0375 0)
(0.3875 0.0375 0)
(0.4 0.0375 0)
(0.4125 0.0375 0)
(0.425 0.0375 0)
(0.4375 0.0375 0)
(0.45 0.0375 0)
(0.4625 0.0375 0)
(0.475 0.0375 0)
(0.4875 0.0375 0)
(0.5 0.0375 0)
(0.5125 0.0375 0)
(0.525 0.0375 0)
(0.5375 0.0375 0)
(0.55 0.0375 0)
(0.5625 0.0375 0)
(0.575 0.0375 0)
(0.5875 0.0375 0)
(0.6 0.0375 0)
(0.6125 0.0375 0)
(0.625 0.0375 0)
(0.6375 0.0375 0)
(0.65 0.0375 0)
(0.6625 0.0375 0)
(0.675 0.0375 0)
(0.6875 0.0375 0)
(0.7 0.0375 0)
(0.7125 0.0375 0)
(0.725 0.0375 0)
(0.7375 0.0375 0)
(0.75 0.0375 0)
(0.7625 0.0375 0)
(0.775 0.0375 0)
(0.7875 0.0375 0)
(0.8 0.0375 0)
(0.8125 0.0375 0)
(0.825 0.0375 0)
(0.8375 0.0375 0)
(0.85 0.0375 0)
(0.8625 0.0375 0)
(0.875 0.0375 0)
(0.8875 0.0375 0)
(0.9 0.0375 0)
(0.9125 0.0375 0)
(0.925 0.0375 0)
(0.9375 0.0375 0)
(0.95 0.0375 0)
(0.9625 0.0375 0)
(0.975 0.0375 0)
(0.9875 0.0375 0)
(1 0.0375 0)
(1.0125 0.0375 0)
(1.025 0.0375 0)
(1.0375 0.0375 0)
(1.05 0.0375 0)
(1.0625 0.0375 0)
(1.075 0.0375 0)
(1.0875 0.0375 0)
(1.1 0.0375 0)
(1.1125 0.0375 0)
(1.125 0.0375 0)
(1.1375 0.0375 0)
(1.15 0.0375 0)
(1.1625 0.0375 0)
(1.175 0.0375 0)
(1.1875 0.0375 0)
(1.2 0.0375 0)
(1.2125 0.0375 0)
(1.225 0.0375 0)
(1.2375 0.0375 0)
(1.25 0.0375 0)
(1.2625 0.0375 0)
(1.275 0.0375 0)
(1.2875 0.0375 0)
(1.3 0.0375 0)
(1.3125 0.0375 0)
(1.325 0.0375 0)
(1.3375 0.0375 0)
(1.35 0.0375 0)
(1.3625 0.0375 0)
(1.375 0.0375 0)
(1.3875 0.0375 0)
(1.4 0.0375 0)
(1.4125 0.0375 0)
(1.425 0.0375 0)
(1.4375 0.0375 0)
(1.45 0.0375 0)
(1.4625 0.0375 0)
(1.475 0.0375 0)
(1.4875 0.0375 0)
(1.5 0.0375 0)
(1.5125 0.0375 0)
(1.525 0.0375 0)
(1.5375 0.0375 0)
(1.55 0.0375 0)
(1.5625 0.0375 0)
(1.575 0.0375 0)
(1.5875 0.0375 0)
(1.6 0.0375 0)
(1.6125 0.0375 0)
(1.625 0.0375 0)
(1.6375 0.0375 0)
(1.65 0.0375 0)
(1.6625 0.0375 0)
(1.675 0.0375 0)
(1.6875 0.0375 0)
(1.7 0.0375 0)
(1.7125 0.0375 0)
(1.725 0.0375 0)
(1.7375 0.0375 0)
(1.75 0.0375 0)
(1.7625 0.0375 0)
(1.775 0.0375 0)
(1.7875 0.0375 0)
(1.8 0.0375 0)
(1.8125 0.0375 0)
(1.825 0.0375 0)
(1.8375 0.0375 0)
(1.85 0.0375 0)
(1.8625 0.0375 0)
(1.875 0.0375 0)
(1.8875 0.0375 0)
(1.9 0.0375 0)
(1.9125 0.0375 0)
(1.925 0.0375 0)
(1.9375 0.0375 0)
(1.95 0.0375 0)
(1.9625 0.0375 0)
(1.975 0.0375 0)
(1.9875 0.0375 0)
(2 0.0375 0)
(0 0.04375 0)
(0.0125 0.04375 0)
(0.025 0.04375 0)
(0.0375 0.04375 0)
(0.05 0.04375 0)
(0.0625 0.04375 0)
(0.075 0.04375 0)
(0.0875 0.04375 0)
(0.1 0.04375 0)
(0.1125 0.04375 0)
(0.125 0.04375 0)
(0.1375 0.04375 0)
(0.15 0.04375 0)
(0.1625 0.04375 0)
(0.175 0.04375 0)
(0.1875 0.04375 0)
(0.2 0.04375 0)
(0.2125 0.04375 0)
(0.225 0.04375 0)
(0.2375 0.04375 0)
(0.25 0.04375 0)
(0.2625 0.04375 0)
(0.275 0.04375 0)
(0.2875 0.04375 0)
(0.3 0.04375 0)
(0.3125 0.04375 0)
(0.325 0.04375 0)
(0.3375 0.04375 0)
(0.35 0.04375 0)
(0.3625 0.04375 0)
(0.375 0.04375 0)
(0.3875 0.04375 0)
(0.4 0.04375 0)
(0.4125 0.04375 0)
(0.425 0.04375 0)
(0.4375 0.04375 0)
(0.45 0.04375 0)
(0.4625 0.04375 0)
(0.475 0.04375 0)
(0.4875 0.04375 0)
(0.5 0.04375 0)
(0.5125 0.04375 0)
(0.525 0.04375 0)
(0.5375 0.04375 0)
(0.55 0.04375 0)
(0.5625 0.04375 0)
(0.575 0.04375 0)
(0.5875 0.04375 0)
(0.6 0.04375 0)
(0.6125 0.04375 0)
(0.625 0.04375 0)
(0.6375 0.04375 0)
(0.65 0.04375 0)
(0.6625 0.04375 0)
(0.675 0.04375 0)
(0.6875 0.04375 0)
(0.7 0.04375 0)
(0.7125 0.04375 0)
(0.725 0.04375 0)
(0.7375 0.04375 0)
(0.75 0.04375 0)
(0.7625 0.04375 0)
(0.775 0.04375 0)
(0.7875 0.04375 0)
(0.8 0.04375 0)
(0.8125 0.04375 0)
(0.825 0.04375 0)
(0.8375 0.04375 0)
(0.85 0.04375 0)
(0.8625 0.04375 0)
(0.875 0.04375 0)
(0.8875 0.04375 0)
(0.9 0.04375 0)
(0.9125 0.04375 0)
(0.925 0.04375 0)
(0.9375 0.04375 0)
(0.95 0.04375 0)
(0.9625 0.04375 0)
(0.975 0.04375 0)
(0.9875 0.04375 0)
(1 0.04375 0)
(1.0125 0.04375 0)
(1.025 0.04375 0)
(1.0375 0.04375 0)
(1.05 0.04375 0)
(1.0625 0.04375 0)
(1.075 0.04375 0)
(1.0875 0.04375 0)
(1.1 0.04375 0)
(1.1125 0.04375 0)
(1.125 0.04375 0)
(1.1375 0.04375 0)
(1.15 0.04375 0)
(1.1625 0.04375 0)
(1.175 0.04375 0)
(1.1875 0.04375 0)
(1.2 0.04375 0)
(1.2125 0.04375 0)
(1.225 0.04375 0)
(1.2375 0.04375 0)
(1.25 0.04375 0)
(1.2625 0.04375 0)
(1.275 0.04375 0)
(1.2875 0.04375 0)
(1.3 0.04375 0)
(1.3125 0.04375 0)
(1.325 0.04375 0)
(1.3375 0.04375 0)
(1.35 0.04375 0)
(1.3625 0.04375 0)
(1.375 0.04375 0)
(1.3875 0.04375 0)
(1.4 0.04375 0)
(1.4125 0.04375 0)
(1.425 0.04375 0)
(1.4375 0.04375 0)
(1.45 0.04375 0)
(1.4625 0.04375 0)
(1.475 0.04375 0)
(1.4875 0.04375 0)
(1.5 0.04375 0)
(1.5125 0.04375 0)
(1.525 0.04375 0)
(1.5375 0.04375 0)
(1.55 0.04375 0)
(1.5625 0.04375 0)
(1.575 0.04375 0)
(1.5875 0.04375 0)
(1.6 0.04375 0)
(1.6125 0.04375 0)
(1.625 0.04375 0)
(1.6375 0.04375 0)
(1.65 0.04375 0)
(1.6625 0.04375 0)
(1.675 0.04375 0)
(1.6875 0.04375 0)
(1.7 0.04375 0)
(1.7125 0.04375 0)
(1.725 0.04375 0)
(1.7375 0.04375 0)
(1.75 0.04375 0)
(1.7625 0.04375 0)
(1.775 0.04375 0)
(1.7875 0.04375 0)
(1.8 0.04375 0)
(1.8125 0.04375 0)
(1.825 0.04375 0)
(1.8375 0.04375 0)
(1.85 0.04375 0)
(1.8625 0.04375 0)
(1.875 0.04375 0)
(1.8875 0.04375 0)
(1.9 0.04375 0)
(1.9125 0.04375 0)
(1.925 0.04375 0)
(1.9375 0.04375 0)
(1.95 0.04375 0)
(1.9625 0.04375 0)
(1.975 0.04375 0)
(1.9875 0.04375 0)
(2 0.04375 0)
(0 0.05 0)
(0.0125 0.05 0)
(0.025 0.05 0)
(0.0375 0.05 0)
(0.05 0.05 0)
(0.0625 0.05 0)
(0.075 0.05 0)
(0.0875 0.05 0)
(0.1 0.05 0)
(0.1125 0.05 0)
(0.125 0.05 0)
(0.1375 0.05 0)
(0.15 0.05 0)
(0.1625 0.05 0)
(0.175 0.05 0)
(0.1875 0.05 0)
(0.2 0.05 0)
(0.2125 0.05 0)
(0.225 0.05 0)
(0.2375 0.05 0)
(0.25 0.05 0)
(0.2625 0.05 0)
(0.275 0.05 0)
(0.2875 0.05 0)
(0.3 0.05 0)
(0.3125 0.05 0)
(0.325 0.05 0)
(0.3375 0.05 0)
(0.35 0.05 0)
(0.3625 0.05 0)
(0.375 0.05 0)
(0.3875 0.05 0)
(0.4 0.05 0)
(0.4125 0.05 0)
(0.425 0.05 0)
(0.4375 0.05 0)
(0.45 0.05 0)
(0.4625 0.05 0)
(0.475 0.05 0)
(0.4875 0.05 0)
(0.5 0.05 0)
(0.5125 0.05 0)
(0.525 0.05 0)
(0.5375 0.05 0)
(0.55 0.05 0)
(0.5625 0.05 0)
(0.575 0.05 0)
(0.5875 0.05 0)
(0.6 0.05 0)
(0.6125 0.05 0)
(0.625 0.05 0)
(0.6375 0.05 0)
(0.65 0.05 0)
(0.6625 0.05 0)
(0.675 0.05 0)
(0.6875 0.05 0)
(0.7 0.05 0)
(0.7125 0.05 0)
(0.725 0.05 0)
(0.7375 0.05 0)
(0.75 0.05 0)
(0.7625 0.05 0)
(0.775 0.05 0)
(0.7875 0.05 0)
(0.8 0.05 0)
(0.8125 0.05 0)
(0.825 0.05 0)
(0.8375 0.05 0)
(0.85 0.05 0)
(0.8625 0.05 0)
(0.875 0.05 0)
(0.8875 0.05 0)
(0.9 0.05 0)
(0.9125 0.05 0)
(0.925 0.05 0)
(0.9375 0.05 0)
(0.95 0.05 0)
(0.9625 0.05 0)
(0.975 0.05 0)
(0.9875 0.05 0)
(1 0.05 0)
(1.0125 0.05 0)
(1.025 0.05 0)
(1.0375 0.05 0)
(1.05 0.05 0)
(1.0625 0.05 0)
(1.075 0.05 0)
(1.0875 0.05 0)
(1.1 0.05 0)
(1.1125 0.05 0)
(1.125 0.05 0)
(1.1375 0.05 0)
(1.15 0.05 0)
(1.1625 0.05 0)
(1.175 0.05 0)
(1.1875 0.05 0)
(1.2 0.05 0)
(1.2125 0.05 0)
(1.225 0.05 0)
(1.2375 0.05 0)
(1.25 0.05 0)
(1.2625 0.05 0)
(1.275 0.05 0)
(1.2875 0.05 0)
(1.3 0.05 0)
(1.3125 0.05 0)
(1.325 0.05 0)
(1.3375 0.05 0)
(1.35 0.05 0)
(1.3625 0.05 0)
(1.375 0.05 0)
(1.3875 0.05 0)
(1.4 0.05 0)
(1.4125 0.05 0)
(1.425 0.05 0)
(1.4375 0.05 0)
(1.45 0.05 0)
(1.4625 0.05 0)
(1.475 0.05 0)
(1.4875 0.05 0)
(1.5 0.05 0)
(1.5125 0.05 0)
(1.525 0.05 0)
(1.5375 0.05 0)
(1.55 0.05 0)
(1.5625 0.05 0)
(1.575 0.05 0)
(1.5875 0.05 0)
(1.6 0.05 0)
(1.6125 0.05 0)
(1.625 0.05 0)
(1.6375 0.05 0)
(1.65 0.05 0)
(1.6625 0.05 0)
(1.675 0.05 0)
(1.6875 0.05 0)
(1.7 0.05 0)
(1.7125 0.05 0)
(1.725 0.05 0)
(1.7375 0.05 0)
(1.75 0.05 0)
(1.7625 0.05 0)
(1.775 0.05 0)
(1.7875 0.05 0)
(1.8 0.05 0)
(1.8125 0.05 0)
(1.825 0.05 0)
(1.8375 0.05 0)
(1.85 0.05 0)
(1.8625 0.05 0)
(1.875 0.05 0)
(1.8875 0.05 0)
(1.9 0.05 0)
(1.9125 0.05 0)
(1.925 0.05 0)
(1.9375 0.05 0)
(1.95 0.05 0)
(1.9625 0.05 0)
(1.975 0.05 0)
(1.9875 0.05 0)
(2 0.05 0)
(0 0.05625 0)
(0.0125 0.05625 0)
(0.025 0.05625 0)
(0.0375 0.05625 0)
(0.05 0.05625 0)
(0.0625 0.05625 0)
(0.075 0.05625 0)
(0.0875 0.05625 0)
(0.1 0.05625 0)
(0.1125 0.05625 0)
(0.125 0.05625 0)
(0.1375 0.05625 0)
(0.15 0.05625 0)
(0.1625 0.05625 0)
(0.175 0.05625 0)
(0.1875 0.05625 0)
(0.2 0.05625 0)
(0.2125 0.05625 0)
(0.225 0.05625 0)
(0.2375 0.05625 0)
(0.25 0.05625 0)
(0.2625 0.05625 0)
(0.275 0.05625 0)
(0.2875 0.05625 0)
(0.3 0.05625 0)
(0.3125 0.05625 0)
(0.325 0.05625 0)
(0.3375 0.05625 0)
(0.35 0.05625 0)
(0.3625 0.05625 0)
(0.375 0.05625 0)
(0.3875 0.05625 0)
(0.4 0.05625 0)
(0.4125 0.05625 0)
(0.425 0.05625 0)
(0.4375 0.05625 0)
(0.45 0.05625 0)
(0.4625 0.05625 0)
(0.475 0.05625 0)
(0.4875 0.05625 0)
(0.5 0.05625 0)
(0.5125 0.05625 0)
(0.525 0.05625 0)
(0.5375 0.05625 0)
(0.55 0.05625 0)
(0.5625 0.05625 0)
(0.575 0.05625 0)
(0.5875 0.05625 0)
(0.6 0.05625 0)
(0.6125 0.05625 0)
(0.625 0.05625 0)
(0.6375 0.05625 0)
(0.65 0.05625 0)
(0.6625 0.05625 0)
(0.675 0.05625 0)
(0.6875 0.05625 0)
(0.7 0.05625 0)
(0.7125 0.05625 0)
(0.725 0.05625 0)
(0.7375 0.05625 0)
(0.75 0.05625 0)
(0.7625 0.05625 0)
(0.775 0.05625 0)
(0.7875 0.05625 0)
(0.8 0.05625 0)
(0.8125 0.05625 0)
(0.825 0.05625 0)
(0.8375 0.05625 0)
(0.85 0.05625 0)
(0.8625 0.05625 0)
(0.875 0.05625 0)
(0.8875 0.05625 0)
(0.9 0.05625 0)
(0.9125 0.05625 0)
(0.925 0.05625 0)
(0.9375 0.05625 0)
(0.95 0.05625 0)
(0.9625 0.05625 0)
(0.975 0.05625 0)
(0.9875 0.05625 0)
(1 0.05625 0)
(1.0125 0.05625 0)
(1.025 0.05625 0)
(1.0375 0.05625 0)
(1.05 0.05625 0)
(1.0625 0.05625 0)
(1.075 0.05625 0)
(1.0875 0.05625 0)
(1.1 0.05625 0)
(1.1125 0.05625 0)
(1.125 0.05625 0)
(1.1375 0.05625 0)
(1.15 0.05625 0)
(1.1625 0.05625 0)
(1.175 0.05625 0)
(1.1875 0.05625 0)
(1.2 0.05625 0)
(1.2125 0.05625 0)
(1.225 0.05625 0)
(1.2375 0.05625 0)
(1.25 0.05625 0)
(1.2625 0.05625 0)
(1.275 0.05625 0)
(1.2875 0.05625 0)
(1.3 0.05625 0)
(1.3125 0.05625 0)
(1.325 0.05625 0)
(1.3375 0.05625 0)
(1.35 0.05625 0)
(1.3625 0.05625 0)
(1.375 0.05625 0)
(1.3875 0.05625 0)
(1.4 0.05625 0)
(1.4125 0.05625 0)
(1.425 0.05625 0)
(1.4375 0.05625 0)
(1.45 0.05625 0)
(1.4625 0.05625 0)
(1.475 0.05625 0)
(1.4875 0.05625 0)
(1.5 0.05625 0)
(1.5125 0.05625 0)
(1.525 0.05625 0)
(1.5375 0.05625 0)
(1.55 0.05625 0)
(1.5625 0.05625 0)
(1.575 0.05625 0)
(1.5875 0.05625 0)
(1.6 0.05625 0)
(1.6125 0.05625 0)
(1.625 0.05625 0)
(1.6375 0.05625 0)
(1.65 0.05625 0)
(1.6625 0.05625 0)
(1.675 0.05625 0)
(1.6875 0.05625 0)
(1.7 0.05625 0)
(1.7125 0.05625 0)
(1.725 0.05625 0)
(1.7375 0.05625 0)
(1.75 0.05625 0)
(1.7625 0.05625 0)
(1.775 0.05625 0)
(1.7875 0.05625 0)
(1.8 0.05625 0)
(1.8125 0.05625 0)
(1.825 0.05625 0)
(1.8375 0.05625 0)
(1.85 0.05625 0)
(1.8625 0.05625 0)
(1.875 0.05625 0)
(1.8875 0.05625 0)
(1.9 0.05625 0)
(1.9125 0.05625 0)
(1.925 0.05625 0)
(1.9375 0.05625 0)
(1.95 0.05625 0)
(1.9625 0.05625 0)
(1.975 0.05625 0)
(1.9875 0.05625 0)
(2 0.05625 0)
(0 0.0625 0)
(0.0125 0.0625 0)
(0.025 0.0625 0)
(0.0375 0.0625 0)
(0.05 0.0625 0)
(0.0625 0.0625 0)
(0.075 0.0625 0)
(0.0875 0.0625 0)
(0.1 0.0625 0)
(0.1125 0.0625 0)
(0.125 0.0625 0)
(0.1375 0.0625 0)
(0.15 0.0625 0)
(0.1625 0.0625 0)
(0.175 0.0625 0)
(0.1875 0.0625 0)
(0.2 0.0625 0)
(0.2125 0.0625 0)
(0.225 0.0625 0)
(0.2375 0.0625 0)
(0.25 0.0625 0)
(0.2625 0.0625 0)
(0.275 0.0625 0)
(0.2875 0.0625 0)
(0.3 0.0625 0)
(0.3125 0.0625 0)
(0.325 0.0625 0)
(0.3375 0.0625 0)
(0.35 0.0625 0)
(0.3625 0.0625 0)
(0.375 0.0625 0)
(0.3875 0.0625 0)
(0.4 0.0625 0)
(0.4125 0.0625 0)
(0.425 0.0625 0)
(0.4375 0.0625 0)
(0.45 0.0625 0)
(0.4625 0.0625 0)
(0.475 0.0625 0)
(0.4875 0.0625 0)
(0.5 0.0625 0)
(0.5125 0.0625 0)
(0.525 0.0625 0)
(0.5375 0.0625 0)
(0.55 0.0625 0)
(0.5625 0.0625 0)
(0.575 0.0625 0)
(0.5875 0.0625 0)
(0.6 0.0625 0)
(0.6125 0.0625 0)
(0.625 0.0625 0)
(0.6375 0.0625 0)
(0.65 0.0625 0)
(0.6625 0.0625 0)
(0.675 0.0625 0)
(0.6875 0.0625 0)
(0.7 0.0625 0)
(0.7125 0.0625 0)
(0.725 0.0625 0)
(0.7375 0.0625 0)
(0.75 0.0625 0)
(0.7625 0.0625 0)
(0.775 0.0625 0)
(0.7875 0.0625 0)
(0.8 0.0625 0)
(0.8125 0.0625 0)
(0.825 0.0625 0)
(0.8375 0.0625 0)
(0.85 0.0625 0)
(0.8625 0.0625 0)
(0.875 0.0625 0)
(0.8875 0.0625 0)
(0.9 0.0625 0)
(0.9125 0.0625 0)
(0.925 0.0625 0)
(0.9375 0.0625 0)
(0.95 0.0625 0)
(0.9625 0.0625 0)
(0.975 0.0625 0)
(0.9875 0.0625 0)
(1 0.0625 0)
(1.0125 0.0625 0)
(1.025 0.0625 0)
(1.0375 0.0625 0)
(1.05 0.0625 0)
(1.0625 0.0625 0)
(1.075 0.0625 0)
(1.0875 0.0625 0)
(1.1 0.0625 0)
(1.1125 0.0625 0)
(1.125 0.0625 0)
(1.1375 0.0625 0)
(1.15 0.0625 0)
(1.1625 0.0625 0)
(1.175 0.0625 0)
(1.1875 0.0625 0)
(1.2 0.0625 0)
(1.2125 0.0625 0)
(1.225 0.0625 0)
(1.2375 0.0625 0)
(1.25 0.0625 0)
(1.2625 0.0625 0)
(1.275 0.0625 0)
(1.2875 0.0625 0)
(1.3 0.0625 0)
(1.3125 0.0625 0)
(1.325 0.0625 0)
(1.3375 0.0625 0)
(1.35 0.0625 0)
(1.3625 0.0625 0)
(1.375 0.0625 0)
(1.3875 0.0625 0)
(1.4 0.0625 0)
(1.4125 0.0625 0)
(1.425 0.0625 0)
(1.4375 0.0625 0)
(1.45 0.0625 0)
(1.4625 0.0625 0)
(1.475 0.0625 0)
(1.4875 0.0625 0)
(1.5 0.0625 0)
(1.5125 0.0625 0)
(1.525 0.0625 0)
(1.5375 0.0625 0)
(1.55 0.0625 0)
(1.5625 0.0625 0)
(1.575 0.0625 0)
(1.5875 0.0625 0)
(1.6 0.0625 0)
(1.6125 0.0625 0)
(1.625 0.0625 0)
(1.6375 0.0625 0)
(1.65 0.0625 0)
(1.6625 0.0625 0)
(1.675 0.0625 0)
(1.6875 0.0625 0)
(1.7 0.0625 0)
(1.7125 0.0625 0)
(1.725 0.0625 0)
(1.7375 0.0625 0)
(1.75 0.0625 0)
(1.7625 0.0625 0)
(1.775 0.0625 0)
(1.7875 0.0625 0)
(1.8 0.0625 0)
(1.8125 0.0625 0)
(1.825 0.0625 0)
(1.8375 0.0625 0)
(1.85 0.0625 0)
(1.8625 0.0625 0)
(1.875 0.0625 0)
(1.8875 0.0625 0)
(1.9 0.0625 0)
(1.9125 0.0625 0)
(1.925 0.0625 0)
(1.9375 0.0625 0)
(1.95 0.0625 0)
(1.9625 0.0625 0)
(1.975 0.0625 0)
(1.9875 0.0625 0)
(2 0.0625 0)
(0 0.06875 0)
(0.0125 0.06875 0)
(0.025 0.06875 0)
(0.0375 0.06875 0)
(0.05 0.06875 0)
(0.0625 0.06875 0)
(0.075 0.06875 0)
(0.0875 0.06875 0)
(0.1 0.06875 0)
(0.1125 0.06875 0)
(0.125 0.06875 0)
(0.1375 0.06875 0)
(0.15 0.06875 0)
(0.1625 0.06875 0)
(0.175 0.06875 0)
(0.1875 0.06875 0)
(0.2 0.06875 0)
(0.2125 0.06875 0)
(0.225 0.06875 0)
(0.2375 0.06875 0)
(0.25 0.06875 0)
(0.2625 0.06875 0)
(0.275 0.06875 0)
(0.2875 0.06875 0)
(0.3 0.06875 0)
(0.3125 0.06875 0)
(0.325 0.06875 0)
(0.3375 0.06875 0)
(0.35 0.06875 0)
(0.3625 0.06875 0)
(0.375 0.06875 0)
(0.3875 0.06875 0)
(0.4 0.06875 0)
(0.4125 0.06875 0)
(0.425 0.06875 0)
(0.4375 0.06875 0)
(0.45 0.06875 0)
(0.4625 0.06875 0)
(0.475 0.06875 0)
(0.4875 0.06875 0)
(0.5 0.06875 0)
(0.5125 0.06875 0)
(0.525 0.06875 0)
(0.5375 0.06875 0)
(0.55 0.06875 0)
(0.5625 0.06875 0)
(0.575 0.06875 0)
(0.5875 0.06875 0)
(0.6 0.06875 0)
(0.6125 0.06875 0)
(0.625 0.06875 0)
(0.6375 0.06875 0)
(0.65 0.06875 0)
(0.6625 0.06875 0)
(0.675 0.06875 0)
(0.6875 0.06875 0)
(0.7 0.06875 0)
(0.7125 0.06875 0)
(0.725 0.06875 0)
(0.7375 0.06875 0)
(0.75 0.06875 0)
(0.7625 0.06875 0)
(0.775 0.06875 0)
(0.7875 0.06875 0)
(0.8 0.06875 0)
(0.8125 0.06875 0)
(0.825 0.06875 0)
(0.8375 0.06875 0)
(0.85 0.06875 0)
(0.8625 0.06875 0)
(0.875 0.06875 0)
(0.8875 0.06875 0)
(0.9 0.06875 0)
(0.9125 0.06875 0)
(0.925 0.06875 0)
(0.9375 0.06875 0)
(0.95 0.06875 0)
(0.9625 0.06875 0)
(0.975 0.06875 0)
(0.9875 0.06875 0)
(1 0.06875 0)
(1.0125 0.06875 0)
(1.025 0.06875 0)
(1.0375 0.06875 0)
(1.05 0.06875 0)
(1.0625 0.06875 0)
(1.075 0.06875 0)
(1.0875 0.06875 0)
(1.1 0.06875 0)
(1.1125 0.06875 0)
(1.125 0.06875 0)
(1.1375 0.06875 0)
(1.15 0.06875 0)
(1.1625 0.06875 0)
(1.175 0.06875 0)
(1.1875 0.06875 0)
(1.2 0.06875 0)
(1.2125 0.06875 0)
(1.225 0.06875 0)
(1.2375 0.06875 0)
(1.25 0.06875 0)
(1.2625 0.06875 0)
(1.275 0.06875 0)
(1.2875 0.06875 0)
(1.3 0.06875 0)
(1.3125 0.06875 0)
(1.325 0.06875 0)
(1.3375 0.06875 0)
(1.35 0.06875 0)
(1.3625 0.06875 0)
(1.375 0.06875 0)
(1.3875 0.06875 0)
(1.4 0.06875 0)
(1.4125 0.06875 0)
(1.425 0.06875 0)
(1.4375 0.06875 0)
(1.45 0.06875 0)
(1.4625 0.06875 0)
(1.475 0.06875 0)
(1.4875 0.06875 0)
(1.5 0.06875 0)
(1.5125 0.06875 0)
(1.525 0.06875 0)
(1.5375 0.06875 0)
(1.55 0.06875 0)
(1.5625 0.06875 0)
(1.575 0.06875 0)
(1.5875 0.06875 0)
(1.6 0.06875 0)
(1.6125 0.06875 0)
(1.625 0.06875 0)
(1.6375 0.06875 0)
(1.65 0.06875 0)
(1.6625 0.06875 0)
(1.675 0.06875 0)
(1.6875 0.06875 0)
(1.7 0.06875 0)
(1.7125 0.06875 0)
(1.725 0.06875 0)
(1.7375 0.06875 0)
(1.75 0.06875 0)
(1.7625 0.06875 0)
(1.775 0.06875 0)
(1.7875 0.06875 0)
(1.8 0.06875 0)
(1.8125 0.06875 0)
(1.825 0.06875 0)
(1.8375 0.06875 0)
(1.85 0.06875 0)
(1.8625 0.06875 0)
(1.875 0.06875 0)
(1.8875 0.06875 0)
(1.9 0.06875 0)
(1.9125 0.06875 0)
(1.925 0.06875 0)
(1.9375 0.06875 0)
(1.95 0.06875 0)
(1.9625 0.06875 0)
(1.975 0.06875 0)
(1.9875 0.06875 0)
(2 0.06875 0)
(0 0.075 0)
(0.0125 0.075 0)
(0.025 0.075 0)
(0.0375 0.075 0)
(0.05 0.075 0)
(0.0625 0.075 0)
(0.075 0.075 0)
(0.0875 0.075 0)
(0.1 0.075 0)
(0.1125 0.075 0)
(0.125 0.075 0)
(0.1375 0.075 0)
(0.15 0.075 0)
(0.1625 0.075 0)
(0.175 0.075 0)
(0.1875 0.075 0)
(0.2 0.075 0)
(0.2125 0.075 0)
(0.225 0.075 0)
(0.2375 0.075 0)
(0.25 0.075 0)
(0.2625 0.075 0)
(0.275 0.075 0)
(0.2875 0.075 0)
(0.3 0.075 0)
(0.3125 0.075 0)
(0.325 0.075 0)
(0.3375 0.075 0)
(0.35 0.075 0)
(0.3625 0.075 0)
(0.375 0.075 0)
(0.3875 0.075 0)
(0.4 0.075 0)
(0.4125 0.075 0)
(0.425 0.075 0)
(0.4375 0.075 0)
(0.45 0.075 0)
(0.4625 0.075 0)
(0.475 0.075 0)
(0.4875 0.075 0)
(0.5 0.075 0)
(0.5125 0.075 0)
(0.525 0.075 0)
(0.5375 0.075 0)
(0.55 0.075 0)
(0.5625 0.075 0)
(0.575 0.075 0)
(0.5875 0.075 0)
(0.6 0.075 0)
(0.6125 0.075 0)
(0.625 0.075 0)
(0.6375 0.075 0)
(0.65 0.075 0)
(0.6625 0.075 0)
(0.675 0.075 0)
(0.6875 0.075 0)
(0.7 0.075 0)
(0.7125 0.075 0)
(0.725 0.075 0)
(0.7375 0.075 0)
(0.75 0.075 0)
(0.7625 0.075 0)
(0.775 0.075 0)
(0.7875 0.075 0)
(0.8 0.075 0)
(0.8125 0.075 0)
(0.825 0.075 0)
(0.8375 0.075 0)
(0.85 0.075 0)
(0.8625 0.075 0)
(0.875 0.075 0)
(0.8875 0.075 0)
(0.9 0.075 0)
(0.9125 0.075 0)
(0.925 0.075 0)
(0.9375 0.075 0)
(0.95 0.075 0)
(0.9625 0.075 0)
(0.975 0.075 0)
(0.9875 0.075 0)
(1 0.075 0)
(1.0125 0.075 0)
(1.025 0.075 0)
(1.0375 0.075 0)
(1.05 0.075 0)
(1.0625 0.075 0)
(1.075 0.075 0)
(1.0875 0.075 0)
(1.1 0.075 0)
(1.1125 0.075 0)
(1.125 0.075 0)
(1.1375 0.075 0)
(1.15 0.075 0)
(1.1625 0.075 0)
(1.175 0.075 0)
(1.1875 0.075 0)
(1.2 0.075 0)
(1.2125 0.075 0)
(1.225 0.075 0)
(1.2375 0.075 0)
(1.25 0.075 0)
(1.2625 0.075 0)
(1.275 0.075 0)
(1.2875 0.075 0)
(1.3 0.075 0)
(1.3125 0.075 0)
(1.325 0.075 0)
(1.3375 0.075 0)
(1.35 0.075 0)
(1.3625 0.075 0)
(1.375 0.075 0)
(1.3875 0.075 0)
(1.4 0.075 0)
(1.4125 0.075 0)
(1.425 0.075 0)
(1.4375 0.075 0)
(1.45 0.075 0)
(1.4625 0.075 0)
(1.475 0.075 0)
(1.4875 0.075 0)
(1.5 0.075 0)
(1.5125 0.075 0)
(1.525 0.075 0)
(1.5375 0.075 0)
(1.55 0.075 0)
(1.5625 0.075 0)
(1.575 0.075 0)
(1.5875 0.075 0)
(1.6 0.075 0)
(1.6125 0.075 0)
(1.625 0.075 0)
(1.6375 0.075 0)
(1.65 0.075 0)
(1.6625 0.075 0)
(1.675 0.075 0)
(1.6875 0.075 0)
(1.7 0.075 0)
(1.7125 0.075 0)
(1.725 0.075 0)
(1.7375 0.075 0)
(1.75 0.075 0)
(1.7625 0.075 0)
(1.775 0.075 0)
(1.7875 0.075 0)
(1.8 0.075 0)
(1.8125 0.075 0)
(1.825 0.075 0)
(1.8375 0.075 0)
(1.85 0.075 0)
(1.8625 0.075 0)
(1.875 0.075 0)
(1.8875 0.075 0)
(1.9 0.075 0)
(1.9125 0.075 0)
(1.925 0.075 0)
(1.9375 0.075 0)
(1.95 0.075 0)
(1.9625 0.075 0)
(1.975 0.075 0)
(1.9875 0.075 0)
(2 0.075 0)
(0 0.08125 0)
(0.0125 0.08125 0)
(0.025 0.08125 0)
(0.0375 0.08125 0)
(0.05 0.08125 0)
(0.0625 0.08125 0)
(0.075 0.08125 0)
(0.0875 0.08125 0)
(0.1 0.08125 0)
(0.1125 0.08125 0)
(0.125 0.08125 0)
(0.1375 0.08125 0)
(0.15 0.08125 0)
(0.1625 0.08125 0)
(0.175 0.08125 0)
(0.1875 0.08125 0)
(0.2 0.08125 0)
(0.2125 0.08125 0)
(0.225 0.08125 0)
(0.2375 0.08125 0)
(0.25 0.08125 0)
(0.2625 0.08125 0)
(0.275 0.08125 0)
(0.2875 0.08125 0)
(0.3 0.08125 0)
(0.3125 0.08125 0)
(0.325 0.08125 0)
(0.3375 0.08125 0)
(0.35 0.08125 0)
(0.3625 0.08125 0)
(0.375 0.08125 0)
(0.3875 0.08125 0)
(0.4 0.08125 0)
(0.4125 0.08125 0)
(0.425 0.08125 0)
(0.4375 0.08125 0)
(0.45 0.08125 0)
(0.4625 0.08125 0)
(0.475 0.08125 0)
(0.4875 0.08125 0)
(0.5 0.08125 0)
(0.5125 0.08125 0)
(0.525 0.08125 0)
(0.5375 0.08125 0)
(0.55 0.08125 0)
(0.5625 0.08125 0)
(0.575 0.08125 0)
(0.5875 0.08125 0)
(0.6 0.08125 0)
(0.6125 0.08125 0)
(0.625 0.08125 0)
(0.6375 0.08125 0)
(0.65 0.08125 0)
(0.6625 0.08125 0)
(0.675 0.08125 0)
(0.6875 0.08125 0)
(0.7 0.08125 0)
(0.7125 0.08125 0)
(0.725 0.08125 0)
(0.7375 0.08125 0)
(0.75 0.08125 0)
(0.7625 0.08125 0)
(0.775 0.08125 0)
(0.7875 0.08125 0)
(0.8 0.08125 0)
(0.8125 0.08125 0)
(0.825 0.08125 0)
(0.8375 0.08125 0)
(0.85 0.08125 0)
(0.8625 0.08125 0)
(0.875 0.08125 0)
(0.8875 0.08125 0)
(0.9 0.08125 0)
(0.9125 0.08125 0)
(0.925 0.08125 0)
(0.9375 0.08125 0)
(0.95 0.08125 0)
(0.9625 0.08125 0)
(0.975 0.08125 0)
(0.9875 0.08125 0)
(1 0.08125 0)
(1.0125 0.08125 0)
(1.025 0.08125 0)
(1.0375 0.08125 0)
(1.05 0.08125 0)
(1.0625 0.08125 0)
(1.075 0.08125 0)
(1.0875 0.08125 0)
(1.1 0.08125 0)
(1.1125 0.08125 0)
(1.125 0.08125 0)
(1.1375 0.08125 0)
(1.15 0.08125 0)
(1.1625 0.08125 0)
(1.175 0.08125 0)
(1.1875 0.08125 0)
(1.2 0.08125 0)
(1.2125 0.08125 0)
(1.225 0.08125 0)
(1.2375 0.08125 0)
(1.25 0.08125 0)
(1.2625 0.08125 0)
(1.275 0.08125 0)
(1.2875 0.08125 0)
(1.3 0.08125 0)
(1.3125 0.08125 0)
(1.325 0.08125 0)
(1.3375 0.08125 0)
(1.35 0.08125 0)
(1.3625 0.08125 0)
(1.375 0.08125 0)
(1.3875 0.08125 0)
(1.4 0.08125 0)
(1.4125 0.08125 0)
(1.425 0.08125 0)
(1.4375 0.08125 0)
(1.45 0.08125 0)
(1.4625 0.08125 0)
(1.475 0.08125 0)
(1.4875 0.08125 0)
(1.5 0.08125 0)
(1.5125 0.08125 0)
(1.525 0.08125 0)
(1.5375 0.08125 0)
(1.55 0.08125 0)
(1.5625 0.08125 0)
(1.575 0.08125 0)
(1.5875 0.08125 0)
(1.6 0.08125 0)
(1.6125 0.08125 0)
(1.625 0.08125 0)
(1.6375 0.08125 0)
(1.65 0.08125 0)
(1.6625 0.08125 0)
(1.675 0.08125 0)
(1.6875 0.08125 0)
(1.7 0.08125 0)
(1.7125 0.08125 0)
(1.725 0.08125 0)
(1.7375 0.08125 0)
(1.75 0.08125 0)
(1.7625 0.08125 0)
(1.775 0.08125 0)
(1.7875 0.08125 0)
(1.8 0.08125 0)
(1.8125 0.08125 0)
(1.825 0.08125 0)
(1.8375 0.08125 0)
(1.85 0.08125 0)
(1.8625 0.08125 0)
(1.875 0.08125 0)
(1.8875 0.08125 0)
(1.9 0.08125 0)
(1.9125 0.08125 0)
(1.925 0.08125 0)
(1.9375 0.08125 0)
(1.95 0.08125 0)
(1.9625 0.08125 0)
(1.975 0.08125 0)
(1.9875 0.08125 0)
(2 0.08125 0)
(0 0.0875 0)
(0.0125 0.0875 0)
(0.025 0.0875 0)
(0.0375 0.0875 0)
(0.05 0.0875 0)
(0.0625 0.0875 0)
(0.075 0.0875 0)
(0.0875 0.0875 0)
(0.1 0.0875 0)
(0.1125 0.0875 0)
(0.125 0.0875 0)
(0.1375 0.0875 0)
(0.15 0.0875 0)
(0.1625 0.0875 0)
(0.175 0.0875 0)
(0.1875 0.0875 0)
(0.2 0.0875 0)
(0.2125 0.0875 0)
(0.225 0.0875 0)
(0.2375 0.0875 0)
(0.25 0.0875 0)
(0.2625 0.0875 0)
(0.275 0.0875 0)
(0.2875 0.0875 0)
(0.3 0.0875 0)
(0.3125 0.0875 0)
(0.325 0.0875 0)
(0.3375 0.0875 0)
(0.35 0.0875 0)
(0.3625 0.0875 0)
(0.375 0.0875 0)
(0.3875 0.0875 0)
(0.4 0.0875 0)
(0.4125 0.0875 0)
(0.425 0.0875 0)
(0.4375 0.0875 0)
(0.45 0.0875 0)
(0.4625 0.0875 0)
(0.475 0.0875 0)
(0.4875 0.0875 0)
(0.5 0.0875 0)
(0.5125 0.0875 0)
(0.525 0.0875 0)
(0.5375 0.0875 0)
(0.55 0.0875 0)
(0.5625 0.0875 0)
(0.575 0.0875 0)
(0.5875 0.0875 0)
(0.6 0.0875 0)
(0.6125 0.0875 0)
(0.625 0.0875 0)
(0.6375 0.0875 0)
(0.65 0.0875 0)
(0.6625 0.0875 0)
(0.675 0.0875 0)
(0.6875 0.0875 0)
(0.7 0.0875 0)
(0.7125 0.0875 0)
(0.725 0.0875 0)
(0.7375 0.0875 0)
(0.75 0.0875 0)
(0.7625 0.0875 0)
(0.775 0.0875 0)
(0.7875 0.0875 0)
(0.8 0.0875 0)
(0.8125 0.0875 0)
(0.825 0.0875 0)
(0.8375 0.0875 0)
(0.85 0.0875 0)
(0.8625 0.0875 0)
(0.875 0.0875 0)
(0.8875 0.0875 0)
(0.9 0.0875 0)
(0.9125 0.0875 0)
(0.925 0.0875 0)
(0.9375 0.0875 0)
(0.95 0.0875 0)
(0.9625 0.0875 0)
(0.975 0.0875 0)
(0.9875 0.0875 0)
(1 0.0875 0)
(1.0125 0.0875 0)
(1.025 0.0875 0)
(1.0375 0.0875 0)
(1.05 0.0875 0)
(1.0625 0.0875 0)
(1.075 0.0875 0)
(1.0875 0.0875 0)
(1.1 0.0875 0)
(1.1125 0.0875 0)
(1.125 0.0875 0)
(1.1375 0.0875 0)
(1.15 0.0875 0)
(1.1625 0.0875 0)
(1.175 0.0875 0)
(1.1875 0.0875 0)
(1.2 0.0875 0)
(1.2125 0.0875 0)
(1.225 0.0875 0)
(1.2375 0.0875 0)
(1.25 0.0875 0)
(1.2625 0.0875 0)
(1.275 0.0875 0)
(1.2875 0.0875 0)
(1.3 0.0875 0)
(1.3125 0.0875 0)
(1.325 0.0875 0)
(1.3375 0.0875 0)
(1.35 0.0875 0)
(1.3625 0.0875 0)
(1.375 0.0875 0)
(1.3875 0.0875 0)
(1.4 0.0875 0)
(1.4125 0.0875 0)
(1.425 0.0875 0)
(1.4375 0.0875 0)
(1.45 0.0875 0)
(1.4625 0.0875 0)
(1.475 0.0875 0)
(1.4875 0.0875 0)
(1.5 0.0875 0)
(1.5125 0.0875 0)
(1.525 0.0875 0)
(1.5375 0.0875 0)
(1.55 0.0875 0)
(1.5625 0.0875 0)
(1.575 0.0875 0)
(1.5875 0.0875 0)
(1.6 0.0875 0)
(1.6125 0.0875 0)
(1.625 0.0875 0)
(1.6375 0.0875 0)
(1.65 0.0875 0)
(1.6625 0.0875 0)
(1.675 0.0875 0)
(1.6875 0.0875 0)
(1.7 0.0875 0)
(1.7125 0.0875 0)
(1.725 0.0875 0)
(1.7375 0.0875 0)
(1.75 0.0875 0)
(1.7625 0.0875 0)
(1.775 0.0875 0)
(1.7875 0.0875 0)
(1.8 0.0875 0)
(1.8125 0.0875 0)
(1.825 0.0875 0)
(1.8375 0.0875 0)
(1.85 0.0875 0)
(1.8625 0.0875 0)
(1.875 0.0875 0)
(1.8875 0.0875 0)
(1.9 0.0875 0)
(1.9125 0.0875 0)
(1.925 0.0875 0)
(1.9375 0.0875 0)
(1.95 0.0875 0)
(1.9625 0.0875 0)
(1.975 0.0875 0)
(1.9875 0.0875 0)
(2 0.0875 0)
(0 0.09375 0)
(0.0125 0.09375 0)
(0.025 0.09375 0)
(0.0375 0.09375 0)
(0.05 0.09375 0)
(0.0625 0.09375 0)
(0.075 0.09375 0)
(0.0875 0.09375 0)
(0.1 0.09375 0)
(0.1125 0.09375 0)
(0.125 0.09375 0)
(0.1375 0.09375 0)
(0.15 0.09375 0)
(0.1625 0.09375 0)
(0.175 0.09375 0)
(0.1875 0.09375 0)
(0.2 0.09375 0)
(0.2125 0.09375 0)
(0.225 0.09375 0)
(0.2375 0.09375 0)
(0.25 0.09375 0)
(0.2625 0.09375 0)
(0.275 0.09375 0)
(0.2875 0.09375 0)
(0.3 0.09375 0)
(0.3125 0.09375 0)
(0.325 0.09375 0)
(0.3375 0.09375 0)
(0.35 0.09375 0)
(0.3625 0.09375 0)
(0.375 0.09375 0)
(0.3875 0.09375 0)
(0.4 0.09375 0)
(0.4125 0.09375 0)
(0.425 0.09375 0)
(0.4375 0.09375 0)
(0.45 0.09375 0)
(0.4625 0.09375 0)
(0.475 0.09375 0)
(0.4875 0.09375 0)
(0.5 0.09375 0)
(0.5125 0.09375 0)
(0.525 0.09375 0)
(0.5375 0.09375 0)
(0.55 0.09375 0)
(0.5625 0.09375 0)
(0.575 0.09375 0)
(0.5875 0.09375 0)
(0.6 0.09375 0)
(0.6125 0.09375 0)
(0.625 0.09375 0)
(0.6375 0.09375 0)
(0.65 0.09375 0)
(0.6625 0.09375 0)
(0.675 0.09375 0)
(0.6875 0.09375 0)
(0.7 0.09375 0)
(0.7125 0.09375 0)
(0.725 0.09375 0)
(0.7375 0.09375 0)
(0.75 0.09375 0)
(0.7625 0.09375 0)
(0.775 0.09375 0)
(0.7875 0.09375 0)
(0.8 0.09375 0)
(0.8125 0.09375 0)
(0.825 0.09375 0)
(0.8375 0.09375 0)
(0.85 0.09375 0)
(0.8625 0.09375 0)
(0.875 0.09375 0)
(0.8875 0.09375 0)
(0.9 0.09375 0)
(0.9125 0.09375 0)
(0.925 0.09375 0)
(0.9375 0.09375 0)
(0.95 0.09375 0)
(0.9625 0.09375 0)
(0.975 0.09375 0)
(0.9875 0.09375 0)
(1 0.09375 0)
(1.0125 0.09375 0)
(1.025 0.09375 0)
(1.0375 0.09375 0)
(1.05 0.09375 0)
(1.0625 0.09375 0)
(1.075 0.09375 0)
(1.0875 0.09375 0)
(1.1 0.09375 0)
(1.1125 0.09375 0)
(1.125 0.09375 0)
(1.1375 0.09375 0)
(1.15 0.09375 0)
(1.1625 0.09375 0)
(1.175 0.09375 0)
(1.1875 0.09375 0)
(1.2 0.09375 0)
(1.2125 0.09375 0)
(1.225 0.09375 0)
(1.2375 0.09375 0)
(1.25 0.09375 0)
(1.2625 0.09375 0)
(1.275 0.09375 0)
(1.2875 0.09375 0)
(1.3 0.09375 0)
(1.3125 0.09375 0)
(1.325 0.09375 0)
(1.3375 0.09375 0)
(1.35 0.09375 0)
(1.3625 0.09375 0)
(1.375 0.09375 0)
(1.3875 0.09375 0)
(1.4 0.09375 0)
(1.4125 0.09375 0)
(1.425 0.09375 0)
(1.4375 0.09375 0)
(1.45 0.09375 0)
(1.4625 0.09375 0)
(1.475 0.09375 0)
(1.4875 0.09375 0)
(1.5 0.09375 0)
(1.5125 0.09375 0)
(1.525 0.09375 0)
(1.5375 0.09375 0)
(1.55 0.09375 0)
(1.5625 0.09375 0)
(1.575 0.09375 0)
(1.5875 0.09375 0)
(1.6 0.09375 0)
(1.6125 0.09375 0)
(1.625 0.09375 0)
(1.6375 0.09375 0)
(1.65 0.09375 0)
(1.6625 0.09375 0)
(1.675 0.09375 0)
(1.6875 0.09375 0)
(1.7 0.09375 0)
(1.7125 0.09375 0)
(1.725 0.09375 0)
(1.7375 0.09375 0)
(1.75 0.09375 0)
(1.7625 0.09375 0)
(1.775 0.09375 0)
(1.7875 0.09375 0)
(1.8 0.09375 0)
(1.8125 0.09375 0)
(1.825 0.09375 0)
(1.8375 0.09375 0)
(1.85 0.09375 0)
(1.8625 0.09375 0)
(1.875 0.09375 0)
(1.8875 0.09375 0)
(1.9 0.09375 0)
(1.9125 0.09375 0)
(1.925 0.09375 0)
(1.9375 0.09375 0)
(1.95 0.09375 0)
(1.9625 0.09375 0)
(1.975 0.09375 0)
(1.9875 0.09375 0)
(2 0.09375 0)
(0 0.1 0)
(0.0125 0.1 0)
(0.025 0.1 0)
(0.0375 0.1 0)
(0.05 0.1 0)
(0.0625 0.1 0)
(0.075 0.1 0)
(0.0875 0.1 0)
(0.1 0.1 0)
(0.1125 0.1 0)
(0.125 0.1 0)
(0.1375 0.1 0)
(0.15 0.1 0)
(0.1625 0.1 0)
(0.175 0.1 0)
(0.1875 0.1 0)
(0.2 0.1 0)
(0.2125 0.1 0)
(0.225 0.1 0)
(0.2375 0.1 0)
(0.25 0.1 0)
(0.2625 0.1 0)
(0.275 0.1 0)
(0.2875 0.1 0)
(0.3 0.1 0)
(0.3125 0.1 0)
(0.325 0.1 0)
(0.3375 0.1 0)
(0.35 0.1 0)
(0.3625 0.1 0)
(0.375 0.1 0)
(0.3875 0.1 0)
(0.4 0.1 0)
(0.4125 0.1 0)
(0.425 0.1 0)
(0.4375 0.1 0)
(0.45 0.1 0)
(0.4625 0.1 0)
(0.475 0.1 0)
(0.4875 0.1 0)
(0.5 0.1 0)
(0.5125 0.1 0)
(0.525 0.1 0)
(0.5375 0.1 0)
(0.55 0.1 0)
(0.5625 0.1 0)
(0.575 0.1 0)
(0.5875 0.1 0)
(0.6 0.1 0)
(0.6125 0.1 0)
(0.625 0.1 0)
(0.6375 0.1 0)
(0.65 0.1 0)
(0.6625 0.1 0)
(0.675 0.1 0)
(0.6875 0.1 0)
(0.7 0.1 0)
(0.7125 0.1 0)
(0.725 0.1 0)
(0.7375 0.1 0)
(0.75 0.1 0)
(0.7625 0.1 0)
(0.775 0.1 0)
(0.7875 0.1 0)
(0.8 0.1 0)
(0.8125 0.1 0)
(0.825 0.1 0)
(0.8375 0.1 0)
(0.85 0.1 0)
(0.8625 0.1 0)
(0.875 0.1 0)
(0.8875 0.1 0)
(0.9 0.1 0)
(0.9125 0.1 0)
(0.925 0.1 0)
(0.9375 0.1 0)
(0.95 0.1 0)
(0.9625 0.1 0)
(0.975 0.1 0)
(0.9875 0.1 0)
(1 0.1 0)
(1.0125 0.1 0)
(1.025 0.1 0)
(1.0375 0.1 0)
(1.05 0.1 0)
(1.0625 0.1 0)
(1.075 0.1 0)
(1.0875 0.1 0)
(1.1 0.1 0)
(1.1125 0.1 0)
(1.125 0.1 0)
(1.1375 0.1 0)
(1.15 0.1 0)
(1.1625 0.1 0)
(1.175 0.1 0)
(1.1875 0.1 0)
(1.2 0.1 0)
(1.2125 0.1 0)
(1.225 0.1 0)
(1.2375 0.1 0)
(1.25 0.1 0)
(1.2625 0.1 0)
(1.275 0.1 0)
(1.2875 0.1 0)
(1.3 0.1 0)
(1.3125 0.1 0)
(1.325 0.1 0)
(1.3375 0.1 0)
(1.35 0.1 0)
(1.3625 0.1 0)
(1.375 0.1 0)
(1.3875 0.1 0)
(1.4 0.1 0)
(1.4125 0.1 0)
(1.425 0.1 0)
(1.4375 0.1 0)
(1.45 0.1 0)
(1.4625 0.1 0)
(1.475 0.1 0)
(1.4875 0.1 0)
(1.5 0.1 0)
(1.5125 0.1 0)
(1.525 0.1 0)
(1.5375 0.1 0)
(1.55 0.1 0)
(1.5625 0.1 0)
(1.575 0.1 0)
(1.5875 0.1 0)
(1.6 0.1 0)
(1.6125 0.1 0)
(1.625 0.1 0)
(1.6375 0.1 0)
(1.65 0.1 0)
(1.6625 0.1 0)
(1.675 0.1 0)
(1.6875 0.1 0)
(1.7 0.1 0)
(1.7125 0.1 0)
(1.725 0.1 0)
(1.7375 0.1 0)
(1.75 0.1 0)
(1.7625 0.1 0)
(1.775 0.1 0)
(1.7875 0.1 0)
(1.8 0.1 0)
(1.8125 0.1 0)
(1.825 0.1 0)
(1.8375 0.1 0)
(1.85 0.1 0)
(1.8625 0.1 0)
(1.875 0.1 0)
(1.8875 0.1 0)
(1.9 0.1 0)
(1.9125 0.1 0)
(1.925 0.1 0)
(1.9375 0.1 0)
(1.95 0.1 0)
(1.9625 0.1 0)
(1.975 0.1 0)
(1.9875 0.1 0)
(2 0.1 0)
(0 0 1)
(0.0125 0 1)
(0.025 0 1)
(0.0375 0 1)
(0.05 0 1)
(0.0625 0 1)
(0.075 0 1)
(0.0875 0 1)
(0.1 0 1)
(0.1125 0 1)
(0.125 0 1)
(0.1375 0 1)
(0.15 0 1)
(0.1625 0 1)
(0.175 0 1)
(0.1875 0 1)
(0.2 0 1)
(0.2125 0 1)
(0.225 0 1)
(0.2375 0 1)
(0.25 0 1)
(0.2625 0 1)
(0.275 0 1)
(0.2875 0 1)
(0.3 0 1)
(0.3125 0 1)
(0.325 0 1)
(0.3375 0 1)
(0.35 0 1)
(0.3625 0 1)
(0.375 0 1)
(0.3875 0 1)
(0.4 0 1)
(0.4125 0 1)
(0.425 0 1)
(0.4375 0 1)
(0.45 0 1)
(0.4625 0 1)
(0.475 0 1)
(0.4875 0 1)
(0.5 0 1)
(0.5125 0 1)
(0.525 0 1)
(0.5375 0 1)
(0.55 0 1)
(0.5625 0 1)
(0.575 0 1)
(0.5875 0 1)
(0.6 0 1)
(0.6125 0 1)
(0.625 0 1)
(0.6375 0 1)
(0.65 0 1)
(0.6625 0 1)
(0.675 0 1)
(0.6875 0 1)
(0.7 0 1)
(0.7125 0 1)
(0.725 0 1)
(0.7375 0 1)
(0.75 0 1)
(0.7625 0 1)
(0.775 0 1)
(0.7875 0 1)
(0.8 0 1)
(0.8125 0 1)
(0.825 0 1)
(0.8375 0 1)
(0.85 0 1)
(0.8625 0 1)
(0.875 0 1)
(0.8875 0 1)
(0.9 0 1)
(0.9125 0 1)
(0.925 0 1)
(0.9375 0 1)
(0.95 0 1)
(0.9625 0 1)
(0.975 0 1)
(0.9875 0 1)
(1 0 1)
(1.0125 0 1)
(1.025 0 1)
(1.0375 0 1)
(1.05 0 1)
(1.0625 0 1)
(1.075 0 1)
(1.0875 0 1)
(1.1 0 1)
(1.1125 0 1)
(1.125 0 1)
(1.1375 0 1)
(1.15 0 1)
(1.1625 0 1)
(1.175 0 1)
(1.1875 0 1)
(1.2 0 1)
(1.2125 0 1)
(1.225 0 1)
(1.2375 0 1)
(1.25 0 1)
(1.2625 0 1)
(1.275 0 1)
(1.2875 0 1)
(1.3 0 1)
(1.3125 0 1)
(1.325 0 1)
(1.3375 0 1)
(1.35 0 1)
(1.3625 0 1)
(1.375 0 1)
(1.3875 0 1)
(1.4 0 1)
(1.4125 0 1)
(1.425 0 1)
(1.4375 0 1)
(1.45 0 1)
(1.4625 0 1)
(1.475 0 1)
(1.4875 0 1)
(1.5 0 1)
(1.5125 0 1)
(1.525 0 1)
(1.5375 0 1)
(1.55 0 1)
(1.5625 0 1)
(1.575 0 1)
(1.5875 0 1)
(1.6 0 1)
(1.6125 0 1)
(1.625 0 1)
(1.6375 0 1)
(1.65 0 1)
(1.6625 0 1)
(1.675 0 1)
(1.6875 0 1)
(1.7 0 1)
(1.7125 0 1)
(1.725 0 1)
(1.7375 0 1)
(1.75 0 1)
(1.7625 0 1)
(1.775 0 1)
(1.7875 0 1)
(1.8 0 1)
(1.8125 0 1)
(1.825 0 1)
(1.8375 0 1)
(1.85 0 1)
(1.8625 0 1)
(1.875 0 1)
(1.8875 0 1)
(1.9 0 1)
(1.9125 0 1)
(1.925 0 1)
(1.9375 0 1)
(1.95 0 1)
(1.9625 0 1)
(1.975 0 1)
(1.9875 0 1)
(2 0 1)
(0 0.00625 1)
(0.0125 0.00625 1)
(0.025 0.00625 1)
(0.0375 0.00625 1)
(0.05 0.00625 1)
(0.0625 0.00625 1)
(0.075 0.00625 1)
(0.0875 0.00625 1)
(0.1 0.00625 1)
(0.1125 0.00625 1)
(0.125 0.00625 1)
(0.1375 0.00625 1)
(0.15 0.00625 1)
(0.1625 0.00625 1)
(0.175 0.00625 1)
(0.1875 0.00625 1)
(0.2 0.00625 1)
(0.2125 0.00625 1)
(0.225 0.00625 1)
(0.2375 0.00625 1)
(0.25 0.00625 1)
(0.2625 0.00625 1)
(0.275 0.00625 1)
(0.2875 0.00625 1)
(0.3 0.00625 1)
(0.3125 0.00625 1)
(0.325 0.00625 1)
(0.3375 0.00625 1)
(0.35 0.00625 1)
(0.3625 0.00625 1)
(0.375 0.00625 1)
(0.3875 0.00625 1)
(0.4 0.00625 1)
(0.4125 0.00625 1)
(0.425 0.00625 1)
(0.4375 0.00625 1)
(0.45 0.00625 1)
(0.4625 0.00625 1)
(0.475 0.00625 1)
(0.4875 0.00625 1)
(0.5 0.00625 1)
(0.5125 0.00625 1)
(0.525 0.00625 1)
(0.5375 0.00625 1)
(0.55 0.00625 1)
(0.5625 0.00625 1)
(0.575 0.00625 1)
(0.5875 0.00625 1)
(0.6 0.00625 1)
(0.6125 0.00625 1)
(0.625 0.00625 1)
(0.6375 0.00625 1)
(0.65 0.00625 1)
(0.6625 0.00625 1)
(0.675 0.00625 1)
(0.6875 0.00625 1)
(0.7 0.00625 1)
(0.7125 0.00625 1)
(0.725 0.00625 1)
(0.7375 0.00625 1)
(0.75 0.00625 1)
(0.7625 0.00625 1)
(0.775 0.00625 1)
(0.7875 0.00625 1)
(0.8 0.00625 1)
(0.8125 0.00625 1)
(0.825 0.00625 1)
(0.8375 0.00625 1)
(0.85 0.00625 1)
(0.8625 0.00625 1)
(0.875 0.00625 1)
(0.8875 0.00625 1)
(0.9 0.00625 1)
(0.9125 0.00625 1)
(0.925 0.00625 1)
(0.9375 0.00625 1)
(0.95 0.00625 1)
(0.9625 0.00625 1)
(0.975 0.00625 1)
(0.9875 0.00625 1)
(1 0.00625 1)
(1.0125 0.00625 1)
(1.025 0.00625 1)
(1.0375 0.00625 1)
(1.05 0.00625 1)
(1.0625 0.00625 1)
(1.075 0.00625 1)
(1.0875 0.00625 1)
(1.1 0.00625 1)
(1.1125 0.00625 1)
(1.125 0.00625 1)
(1.1375 0.00625 1)
(1.15 0.00625 1)
(1.1625 0.00625 1)
(1.175 0.00625 1)
(1.1875 0.00625 1)
(1.2 0.00625 1)
(1.2125 0.00625 1)
(1.225 0.00625 1)
(1.2375 0.00625 1)
(1.25 0.00625 1)
(1.2625 0.00625 1)
(1.275 0.00625 1)
(1.2875 0.00625 1)
(1.3 0.00625 1)
(1.3125 0.00625 1)
(1.325 0.00625 1)
(1.3375 0.00625 1)
(1.35 0.00625 1)
(1.3625 0.00625 1)
(1.375 0.00625 1)
(1.3875 0.00625 1)
(1.4 0.00625 1)
(1.4125 0.00625 1)
(1.425 0.00625 1)
(1.4375 0.00625 1)
(1.45 0.00625 1)
(1.4625 0.00625 1)
(1.475 0.00625 1)
(1.4875 0.00625 1)
(1.5 0.00625 1)
(1.5125 0.00625 1)
(1.525 0.00625 1)
(1.5375 0.00625 1)
(1.55 0.00625 1)
(1.5625 0.00625 1)
(1.575 0.00625 1)
(1.5875 0.00625 1)
(1.6 0.00625 1)
(1.6125 0.00625 1)
(1.625 0.00625 1)
(1.6375 0.00625 1)
(1.65 0.00625 1)
(1.6625 0.00625 1)
(1.675 0.00625 1)
(1.6875 0.00625 1)
(1.7 0.00625 1)
(1.7125 0.00625 1)
(1.725 0.00625 1)
(1.7375 0.00625 1)
(1.75 0.00625 1)
(1.7625 0.00625 1)
(1.775 0.00625 1)
(1.7875 0.00625 1)
(1.8 0.00625 1)
(1.8125 0.00625 1)
(1.825 0.00625 1)
(1.8375 0.00625 1)
(1.85 0.00625 1)
(1.8625 0.00625 1)
(1.875 0.00625 1)
(1.8875 0.00625 1)
(1.9 0.00625 1)
(1.9125 0.00625 1)
(1.925 0.00625 1)
(1.9375 0.00625 1)
(1.95 0.00625 1)
(1.9625 0.00625 1)
(1.975 0.00625 1)
(1.9875 0.00625 1)
(2 0.00625 1)
(0 0.0125 1)
(0.0125 0.0125 1)
(0.025 0.0125 1)
(0.0375 0.0125 1)
(0.05 0.0125 1)
(0.0625 0.0125 1)
(0.075 0.0125 1)
(0.0875 0.0125 1)
(0.1 0.0125 1)
(0.1125 0.0125 1)
(0.125 0.0125 1)
(0.1375 0.0125 1)
(0.15 0.0125 1)
(0.1625 0.0125 1)
(0.175 0.0125 1)
(0.1875 0.0125 1)
(0.2 0.0125 1)
(0.2125 0.0125 1)
(0.225 0.0125 1)
(0.2375 0.0125 1)
(0.25 0.0125 1)
(0.2625 0.0125 1)
(0.275 0.0125 1)
(0.2875 0.0125 1)
(0.3 0.0125 1)
(0.3125 0.0125 1)
(0.325 0.0125 1)
(0.3375 0.0125 1)
(0.35 0.0125 1)
(0.3625 0.0125 1)
(0.375 0.0125 1)
(0.3875 0.0125 1)
(0.4 0.0125 1)
(0.4125 0.0125 1)
(0.425 0.0125 1)
(0.4375 0.0125 1)
(0.45 0.0125 1)
(0.4625 0.0125 1)
(0.475 0.0125 1)
(0.4875 0.0125 1)
(0.5 0.0125 1)
(0.5125 0.0125 1)
(0.525 0.0125 1)
(0.5375 0.0125 1)
(0.55 0.0125 1)
(0.5625 0.0125 1)
(0.575 0.0125 1)
(0.5875 0.0125 1)
(0.6 0.0125 1)
(0.6125 0.0125 1)
(0.625 0.0125 1)
(0.6375 0.0125 1)
(0.65 0.0125 1)
(0.6625 0.0125 1)
(0.675 0.0125 1)
(0.6875 0.0125 1)
(0.7 0.0125 1)
(0.7125 0.0125 1)
(0.725 0.0125 1)
(0.7375 0.0125 1)
(0.75 0.0125 1)
(0.7625 0.0125 1)
(0.775 0.0125 1)
(0.7875 0.0125 1)
(0.8 0.0125 1)
(0.8125 0.0125 1)
(0.825 0.0125 1)
(0.8375 0.0125 1)
(0.85 0.0125 1)
(0.8625 0.0125 1)
(0.875 0.0125 1)
(0.8875 0.0125 1)
(0.9 0.0125 1)
(0.9125 0.0125 1)
(0.925 0.0125 1)
(0.9375 0.0125 1)
(0.95 0.0125 1)
(0.9625 0.0125 1)
(0.975 0.0125 1)
(0.9875 0.0125 1)
(1 0.0125 1)
(1.0125 0.0125 1)
(1.025 0.0125 1)
(1.0375 0.0125 1)
(1.05 0.0125 1)
(1.0625 0.0125 1)
(1.075 0.0125 1)
(1.0875 0.0125 1)
(1.1 0.0125 1)
(1.1125 0.0125 1)
(1.125 0.0125 1)
(1.1375 0.0125 1)
(1.15 0.0125 1)
(1.1625 0.0125 1)
(1.175 0.0125 1)
(1.1875 0.0125 1)
(1.2 0.0125 1)
(1.2125 0.0125 1)
(1.225 0.0125 1)
(1.2375 0.0125 1)
(1.25 0.0125 1)
(1.2625 0.0125 1)
(1.275 0.0125 1)
(1.2875 0.0125 1)
(1.3 0.0125 1)
(1.3125 0.0125 1)
(1.325 0.0125 1)
(1.3375 0.0125 1)
(1.35 0.0125 1)
(1.3625 0.0125 1)
(1.375 0.0125 1)
(1.3875 0.0125 1)
(1.4 0.0125 1)
(1.4125 0.0125 1)
(1.425 0.0125 1)
(1.4375 0.0125 1)
(1.45 0.0125 1)
(1.4625 0.0125 1)
(1.475 0.0125 1)
(1.4875 0.0125 1)
(1.5 0.0125 1)
(1.5125 0.0125 1)
(1.525 0.0125 1)
(1.5375 0.0125 1)
(1.55 0.0125 1)
(1.5625 0.0125 1)
(1.575 0.0125 1)
(1.5875 0.0125 1)
(1.6 0.0125 1)
(1.6125 0.0125 1)
(1.625 0.0125 1)
(1.6375 0.0125 1)
(1.65 0.0125 1)
(1.6625 0.0125 1)
(1.675 0.0125 1)
(1.6875 0.0125 1)
(1.7 0.0125 1)
(1.7125 0.0125 1)
(1.725 0.0125 1)
(1.7375 0.0125 1)
(1.75 0.0125 1)
(1.7625 0.0125 1)
(1.775 0.0125 1)
(1.7875 0.0125 1)
(1.8 0.0125 1)
(1.8125 0.0125 1)
(1.825 0.0125 1)
(1.8375 0.0125 1)
(1.85 0.0125 1)
(1.8625 0.0125 1)
(1.875 0.0125 1)
(1.8875 0.0125 1)
(1.9 0.0125 1)
(1.9125 0.0125 1)
(1.925 0.0125 1)
(1.9375 0.0125 1)
(1.95 0.0125 1)
(1.9625 0.0125 1)
(1.975 0.0125 1)
(1.9875 0.0125 1)
(2 0.0125 1)
(0 0.01875 1)
(0.0125 0.01875 1)
(0.025 0.01875 1)
(0.0375 0.01875 1)
(0.05 0.01875 1)
(0.0625 0.01875 1)
(0.075 0.01875 1)
(0.0875 0.01875 1)
(0.1 0.01875 1)
(0.1125 0.01875 1)
(0.125 0.01875 1)
(0.1375 0.01875 1)
(0.15 0.01875 1)
(0.1625 0.01875 1)
(0.175 0.01875 1)
(0.1875 0.01875 1)
(0.2 0.01875 1)
(0.2125 0.01875 1)
(0.225 0.01875 1)
(0.2375 0.01875 1)
(0.25 0.01875 1)
(0.2625 0.01875 1)
(0.275 0.01875 1)
(0.2875 0.01875 1)
(0.3 0.01875 1)
(0.3125 0.01875 1)
(0.325 0.01875 1)
(0.3375 0.01875 1)
(0.35 0.01875 1)
(0.3625 0.01875 1)
(0.375 0.01875 1)
(0.3875 0.01875 1)
(0.4 0.01875 1)
(0.4125 0.01875 1)
(0.425 0.01875 1)
(0.4375 0.01875 1)
(0.45 0.01875 1)
(0.4625 0.01875 1)
(0.475 0.01875 1)
(0.4875 0.01875 1)
(0.5 0.01875 1)
(0.5125 0.01875 1)
(0.525 0.01875 1)
(0.5375 0.01875 1)
(0.55 0.01875 1)
(0.5625 0.01875 1)
(0.575 0.01875 1)
(0.5875 0.01875 1)
(0.6 0.01875 1)
(0.6125 0.01875 1)
(0.625 0.01875 1)
(0.6375 0.01875 1)
(0.65 0.01875 1)
(0.6625 0.01875 1)
(0.675 0.01875 1)
(0.6875 0.01875 1)
(0.7 0.01875 1)
(0.7125 0.01875 1)
(0.725 0.01875 1)
(0.7375 0.01875 1)
(0.75 0.01875 1)
(0.7625 0.01875 1)
(0.775 0.01875 1)
(0.7875 0.01875 1)
(0.8 0.01875 1)
(0.8125 0.01875 1)
(0.825 0.01875 1)
(0.8375 0.01875 1)
(0.85 0.01875 1)
(0.8625 0.01875 1)
(0.875 0.01875 1)
(0.8875 0.01875 1)
(0.9 0.01875 1)
(0.9125 0.01875 1)
(0.925 0.01875 1)
(0.9375 0.01875 1)
(0.95 0.01875 1)
(0.9625 0.01875 1)
(0.975 0.01875 1)
(0.9875 0.01875 1)
(1 0.01875 1)
(1.0125 0.01875 1)
(1.025 0.01875 1)
(1.0375 0.01875 1)
(1.05 0.01875 1)
(1.0625 0.01875 1)
(1.075 0.01875 1)
(1.0875 0.01875 1)
(1.1 0.01875 1)
(1.1125 0.01875 1)
(1.125 0.01875 1)
(1.1375 0.01875 1)
(1.15 0.01875 1)
(1.1625 0.01875 1)
(1.175 0.01875 1)
(1.1875 0.01875 1)
(1.2 0.01875 1)
(1.2125 0.01875 1)
(1.225 0.01875 1)
(1.2375 0.01875 1)
(1.25 0.01875 1)
(1.2625 0.01875 1)
(1.275 0.01875 1)
(1.2875 0.01875 1)
(1.3 0.01875 1)
(1.3125 0.01875 1)
(1.325 0.01875 1)
(1.3375 0.01875 1)
(1.35 0.01875 1)
(1.3625 0.01875 1)
(1.375 0.01875 1)
(1.3875 0.01875 1)
(1.4 0.01875 1)
(1.4125 0.01875 1)
(1.425 0.01875 1)
(1.4375 0.01875 1)
(1.45 0.01875 1)
(1.4625 0.01875 1)
(1.475 0.01875 1)
(1.4875 0.01875 1)
(1.5 0.01875 1)
(1.5125 0.01875 1)
(1.525 0.01875 1)
(1.5375 0.01875 1)
(1.55 0.01875 1)
(1.5625 0.01875 1)
(1.575 0.01875 1)
(1.5875 0.01875 1)
(1.6 0.01875 1)
(1.6125 0.01875 1)
(1.625 0.01875 1)
(1.6375 0.01875 1)
(1.65 0.01875 1)
(1.6625 0.01875 1)
(1.675 0.01875 1)
(1.6875 0.01875 1)
(1.7 0.01875 1)
(1.7125 0.01875 1)
(1.725 0.01875 1)
(1.7375 0.01875 1)
(1.75 0.01875 1)
(1.7625 0.01875 1)
(1.775 0.01875 1)
(1.7875 0.01875 1)
(1.8 0.01875 1)
(1.8125 0.01875 1)
(1.825 0.01875 1)
(1.8375 0.01875 1)
(1.85 0.01875 1)
(1.8625 0.01875 1)
(1.875 0.01875 1)
(1.8875 0.01875 1)
(1.9 0.01875 1)
(1.9125 0.01875 1)
(1.925 0.01875 1)
(1.9375 0.01875 1)
(1.95 0.01875 1)
(1.9625 0.01875 1)
(1.975 0.01875 1)
(1.9875 0.01875 1)
(2 0.01875 1)
(0 0.025 1)
(0.0125 0.025 1)
(0.025 0.025 1)
(0.0375 0.025 1)
(0.05 0.025 1)
(0.0625 0.025 1)
(0.075 0.025 1)
(0.0875 0.025 1)
(0.1 0.025 1)
(0.1125 0.025 1)
(0.125 0.025 1)
(0.1375 0.025 1)
(0.15 0.025 1)
(0.1625 0.025 1)
(0.175 0.025 1)
(0.1875 0.025 1)
(0.2 0.025 1)
(0.2125 0.025 1)
(0.225 0.025 1)
(0.2375 0.025 1)
(0.25 0.025 1)
(0.2625 0.025 1)
(0.275 0.025 1)
(0.2875 0.025 1)
(0.3 0.025 1)
(0.3125 0.025 1)
(0.325 0.025 1)
(0.3375 0.025 1)
(0.35 0.025 1)
(0.3625 0.025 1)
(0.375 0.025 1)
(0.3875 0.025 1)
(0.4 0.025 1)
(0.4125 0.025 1)
(0.425 0.025 1)
(0.4375 0.025 1)
(0.45 0.025 1)
(0.4625 0.025 1)
(0.475 0.025 1)
(0.4875 0.025 1)
(0.5 0.025 1)
(0.5125 0.025 1)
(0.525 0.025 1)
(0.5375 0.025 1)
(0.55 0.025 1)
(0.5625 0.025 1)
(0.575 0.025 1)
(0.5875 0.025 1)
(0.6 0.025 1)
(0.6125 0.025 1)
(0.625 0.025 1)
(0.6375 0.025 1)
(0.65 0.025 1)
(0.6625 0.025 1)
(0.675 0.025 1)
(0.6875 0.025 1)
(0.7 0.025 1)
(0.7125 0.025 1)
(0.725 0.025 1)
(0.7375 0.025 1)
(0.75 0.025 1)
(0.7625 0.025 1)
(0.775 0.025 1)
(0.7875 0.025 1)
(0.8 0.025 1)
(0.8125 0.025 1)
(0.825 0.025 1)
(0.8375 0.025 1)
(0.85 0.025 1)
(0.8625 0.025 1)
(0.875 0.025 1)
(0.8875 0.025 1)
(0.9 0.025 1)
(0.9125 0.025 1)
(0.925 0.025 1)
(0.9375 0.025 1)
(0.95 0.025 1)
(0.9625 0.025 1)
(0.975 0.025 1)
(0.9875 0.025 1)
(1 0.025 1)
(1.0125 0.025 1)
(1.025 0.025 1)
(1.0375 0.025 1)
(1.05 0.025 1)
(1.0625 0.025 1)
(1.075 0.025 1)
(1.0875 0.025 1)
(1.1 0.025 1)
(1.1125 0.025 1)
(1.125 0.025 1)
(1.1375 0.025 1)
(1.15 0.025 1)
(1.1625 0.025 1)
(1.175 0.025 1)
(1.1875 0.025 1)
(1.2 0.025 1)
(1.2125 0.025 1)
(1.225 0.025 1)
(1.2375 0.025 1)
(1.25 0.025 1)
(1.2625 0.025 1)
(1.275 0.025 1)
(1.2875 0.025 1)
(1.3 0.025 1)
(1.3125 0.025 1)
(1.325 0.025 1)
(1.3375 0.025 1)
(1.35 0.025 1)
(1.3625 0.025 1)
(1.375 0.025 1)
(1.3875 0.025 1)
(1.4 0.025 1)
(1.4125 0.025 1)
(1.425 0.025 1)
(1.4375 0.025 1)
(1.45 0.025 1)
(1.4625 0.025 1)
(1.475 0.025 1)
(1.4875 0.025 1)
(1.5 0.025 1)
(1.5125 0.025 1)
(1.525 0.025 1)
(1.5375 0.025 1)
(1.55 0.025 1)
(1.5625 0.025 1)
(1.575 0.025 1)
(1.5875 0.025 1)
(1.6 0.025 1)
(1.6125 0.025 1)
(1.625 0.025 1)
(1.6375 0.025 1)
(1.65 0.025 1)
(1.6625 0.025 1)
(1.675 0.025 1)
(1.6875 0.025 1)
(1.7 0.025 1)
(1.7125 0.025 1)
(1.725 0.025 1)
(1.7375 0.025 1)
(1.75 0.025 1)
(1.7625 0.025 1)
(1.775 0.025 1)
(1.7875 0.025 1)
(1.8 0.025 1)
(1.8125 0.025 1)
(1.825 0.025 1)
(1.8375 0.025 1)
(1.85 0.025 1)
(1.8625 0.025 1)
(1.875 0.025 1)
(1.8875 0.025 1)
(1.9 0.025 1)
(1.9125 0.025 1)
(1.925 0.025 1)
(1.9375 0.025 1)
(1.95 0.025 1)
(1.9625 0.025 1)
(1.975 0.025 1)
(1.9875 0.025 1)
(2 0.025 1)
(0 0.03125 1)
(0.0125 0.03125 1)
(0.025 0.03125 1)
(0.0375 0.03125 1)
(0.05 0.03125 1)
(0.0625 0.03125 1)
(0.075 0.03125 1)
(0.0875 0.03125 1)
(0.1 0.03125 1)
(0.1125 0.03125 1)
(0.125 0.03125 1)
(0.1375 0.03125 1)
(0.15 0.03125 1)
(0.1625 0.03125 1)
(0.175 0.03125 1)
(0.1875 0.03125 1)
(0.2 0.03125 1)
(0.2125 0.03125 1)
(0.225 0.03125 1)
(0.2375 0.03125 1)
(0.25 0.03125 1)
(0.2625 0.03125 1)
(0.275 0.03125 1)
(0.2875 0.03125 1)
(0.3 0.03125 1)
(0.3125 0.03125 1)
(0.325 0.03125 1)
(0.3375 0.03125 1)
(0.35 0.03125 1)
(0.3625 0.03125 1)
(0.375 0.03125 1)
(0.3875 0.03125 1)
(0.4 0.03125 1)
(0.4125 0.03125 1)
(0.425 0.03125 1)
(0.4375 0.03125 1)
(0.45 0.03125 1)
(0.4625 0.03125 1)
(0.475 0.03125 1)
(0.4875 0.03125 1)
(0.5 0.03125 1)
(0.5125 0.03125 1)
(0.525 0.03125 1)
(0.5375 0.03125 1)
(0.55 0.03125 1)
(0.5625 0.03125 1)
(0.575 0.03125 1)
(0.5875 0.03125 1)
(0.6 0.03125 1)
(0.6125 0.03125 1)
(0.625 0.03125 1)
(0.6375 0.03125 1)
(0.65 0.03125 1)
(0.6625 0.03125 1)
(0.675 0.03125 1)
(0.6875 0.03125 1)
(0.7 0.03125 1)
(0.7125 0.03125 1)
(0.725 0.03125 1)
(0.7375 0.03125 1)
(0.75 0.03125 1)
(0.7625 0.03125 1)
(0.775 0.03125 1)
(0.7875 0.03125 1)
(0.8 0.03125 1)
(0.8125 0.03125 1)
(0.825 0.03125 1)
(0.8375 0.03125 1)
(0.85 0.03125 1)
(0.8625 0.03125 1)
(0.875 0.03125 1)
(0.8875 0.03125 1)
(0.9 0.03125 1)
(0.9125 0.03125 1)
(0.925 0.03125 1)
(0.9375 0.03125 1)
(0.95 0.03125 1)
(0.9625 0.03125 1)
(0.975 0.03125 1)
(0.9875 0.03125 1)
(1 0.03125 1)
(1.0125 0.03125 1)
(1.025 0.03125 1)
(1.0375 0.03125 1)
(1.05 0.03125 1)
(1.0625 0.03125 1)
(1.075 0.03125 1)
(1.0875 0.03125 1)
(1.1 0.03125 1)
(1.1125 0.03125 1)
(1.125 0.03125 1)
(1.1375 0.03125 1)
(1.15 0.03125 1)
(1.1625 0.03125 1)
(1.175 0.03125 1)
(1.1875 0.03125 1)
(1.2 0.03125 1)
(1.2125 0.03125 1)
(1.225 0.03125 1)
(1.2375 0.03125 1)
(1.25 0.03125 1)
(1.2625 0.03125 1)
(1.275 0.03125 1)
(1.2875 0.03125 1)
(1.3 0.03125 1)
(1.3125 0.03125 1)
(1.325 0.03125 1)
(1.3375 0.03125 1)
(1.35 0.03125 1)
(1.3625 0.03125 1)
(1.375 0.03125 1)
(1.3875 0.03125 1)
(1.4 0.03125 1)
(1.4125 0.03125 1)
(1.425 0.03125 1)
(1.4375 0.03125 1)
(1.45 0.03125 1)
(1.4625 0.03125 1)
(1.475 0.03125 1)
(1.4875 0.03125 1)
(1.5 0.03125 1)
(1.5125 0.03125 1)
(1.525 0.03125 1)
(1.5375 0.03125 1)
(1.55 0.03125 1)
(1.5625 0.03125 1)
(1.575 0.03125 1)
(1.5875 0.03125 1)
(1.6 0.03125 1)
(1.6125 0.03125 1)
(1.625 0.03125 1)
(1.6375 0.03125 1)
(1.65 0.03125 1)
(1.6625 0.03125 1)
(1.675 0.03125 1)
(1.6875 0.03125 1)
(1.7 0.03125 1)
(1.7125 0.03125 1)
(1.725 0.03125 1)
(1.7375 0.03125 1)
(1.75 0.03125 1)
(1.7625 0.03125 1)
(1.775 0.03125 1)
(1.7875 0.03125 1)
(1.8 0.03125 1)
(1.8125 0.03125 1)
(1.825 0.03125 1)
(1.8375 0.03125 1)
(1.85 0.03125 1)
(1.8625 0.03125 1)
(1.875 0.03125 1)
(1.8875 0.03125 1)
(1.9 0.03125 1)
(1.9125 0.03125 1)
(1.925 0.03125 1)
(1.9375 0.03125 1)
(1.95 0.03125 1)
(1.9625 0.03125 1)
(1.975 0.03125 1)
(1.9875 0.03125 1)
(2 0.03125 1)
(0 0.0375 1)
(0.0125 0.0375 1)
(0.025 0.0375 1)
(0.0375 0.0375 1)
(0.05 0.0375 1)
(0.0625 0.0375 1)
(0.075 0.0375 1)
(0.0875 0.0375 1)
(0.1 0.0375 1)
(0.1125 0.0375 1)
(0.125 0.0375 1)
(0.1375 0.0375 1)
(0.15 0.0375 1)
(0.1625 0.0375 1)
(0.175 0.0375 1)
(0.1875 0.0375 1)
(0.2 0.0375 1)
(0.2125 0.0375 1)
(0.225 0.0375 1)
(0.2375 0.0375 1)
(0.25 0.0375 1)
(0.2625 0.0375 1)
(0.275 0.0375 1)
(0.2875 0.0375 1)
(0.3 0.0375 1)
(0.3125 0.0375 1)
(0.325 0.0375 1)
(0.3375 0.0375 1)
(0.35 0.0375 1)
(0.3625 0.0375 1)
(0.375 0.0375 1)
(0.3875 0.0375 1)
(0.4 0.0375 1)
(0.4125 0.0375 1)
(0.425 0.0375 1)
(0.4375 0.0375 1)
(0.45 0.0375 1)
(0.4625 0.0375 1)
(0.475 0.0375 1)
(0.4875 0.0375 1)
(0.5 0.0375 1)
(0.5125 0.0375 1)
(0.525 0.0375 1)
(0.5375 0.0375 1)
(0.55 0.0375 1)
(0.5625 0.0375 1)
(0.575 0.0375 1)
(0.5875 0.0375 1)
(0.6 0.0375 1)
(0.6125 0.0375 1)
(0.625 0.0375 1)
(0.6375 0.0375 1)
(0.65 0.0375 1)
(0.6625 0.0375 1)
(0.675 0.0375 1)
(0.6875 0.0375 1)
(0.7 0.0375 1)
(0.7125 0.0375 1)
(0.725 0.0375 1)
(0.7375 0.0375 1)
(0.75 0.0375 1)
(0.7625 0.0375 1)
(0.775 0.0375 1)
(0.7875 0.0375 1)
(0.8 0.0375 1)
(0.8125 0.0375 1)
(0.825 0.0375 1)
(0.8375 0.0375 1)
(0.85 0.0375 1)
(0.8625 0.0375 1)
(0.875 0.0375 1)
(0.8875 0.0375 1)
(0.9 0.0375 1)
(0.9125 0.0375 1)
(0.925 0.0375 1)
(0.9375 0.0375 1)
(0.95 0.0375 1)
(0.9625 0.0375 1)
(0.975 0.0375 1)
(0.9875 0.0375 1)
(1 0.0375 1)
(1.0125 0.0375 1)
(1.025 0.0375 1)
(1.0375 0.0375 1)
(1.05 0.0375 1)
(1.0625 0.0375 1)
(1.075 0.0375 1)
(1.0875 0.0375 1)
(1.1 0.0375 1)
(1.1125 0.0375 1)
(1.125 0.0375 1)
(1.1375 0.0375 1)
(1.15 0.0375 1)
(1.1625 0.0375 1)
(1.175 0.0375 1)
(1.1875 0.0375 1)
(1.2 0.0375 1)
(1.2125 0.0375 1)
(1.225 0.0375 1)
(1.2375 0.0375 1)
(1.25 0.0375 1)
(1.2625 0.0375 1)
(1.275 0.0375 1)
(1.2875 0.0375 1)
(1.3 0.0375 1)
(1.3125 0.0375 1)
(1.325 0.0375 1)
(1.3375 0.0375 1)
(1.35 0.0375 1)
(1.3625 0.0375 1)
(1.375 0.0375 1)
(1.3875 0.0375 1)
(1.4 0.0375 1)
(1.4125 0.0375 1)
(1.425 0.0375 1)
(1.4375 0.0375 1)
(1.45 0.0375 1)
(1.4625 0.0375 1)
(1.475 0.0375 1)
(1.4875 0.0375 1)
(1.5 0.0375 1)
(1.5125 0.0375 1)
(1.525 0.0375 1)
(1.5375 0.0375 1)
(1.55 0.0375 1)
(1.5625 0.0375 1)
(1.575 0.0375 1)
(1.5875 0.0375 1)
(1.6 0.0375 1)
(1.6125 0.0375 1)
(1.625 0.0375 1)
(1.6375 0.0375 1)
(1.65 0.0375 1)
(1.6625 0.0375 1)
(1.675 0.0375 1)
(1.6875 0.0375 1)
(1.7 0.0375 1)
(1.7125 0.0375 1)
(1.725 0.0375 1)
(1.7375 0.0375 1)
(1.75 0.0375 1)
(1.7625 0.0375 1)
(1.775 0.0375 1)
(1.7875 0.0375 1)
(1.8 0.0375 1)
(1.8125 0.0375 1)
(1.825 0.0375 1)
(1.8375 0.0375 1)
(1.85 0.0375 1)
(1.8625 0.0375 1)
(1.875 0.0375 1)
(1.8875 0.0375 1)
(1.9 0.0375 1)
(1.9125 0.0375 1)
(1.925 0.0375 1)
(1.9375 0.0375 1)
(1.95 0.0375 1)
(1.9625 0.0375 1)
(1.975 0.0375 1)
(1.9875 0.0375 1)
(2 0.0375 1)
(0 0.04375 1)
(0.0125 0.04375 1)
(0.025 0.04375 1)
(0.0375 0.04375 1)
(0.05 0.04375 1)
(0.0625 0.04375 1)
(0.075 0.04375 1)
(0.0875 0.04375 1)
(0.1 0.04375 1)
(0.1125 0.04375 1)
(0.125 0.04375 1)
(0.1375 0.04375 1)
(0.15 0.04375 1)
(0.1625 0.04375 1)
(0.175 0.04375 1)
(0.1875 0.04375 1)
(0.2 0.04375 1)
(0.2125 0.04375 1)
(0.225 0.04375 1)
(0.2375 0.04375 1)
(0.25 0.04375 1)
(0.2625 0.04375 1)
(0.275 0.04375 1)
(0.2875 0.04375 1)
(0.3 0.04375 1)
(0.3125 0.04375 1)
(0.325 0.04375 1)
(0.3375 0.04375 1)
(0.35 0.04375 1)
(0.3625 0.04375 1)
(0.375 0.04375 1)
(0.3875 0.04375 1)
(0.4 0.04375 1)
(0.4125 0.04375 1)
(0.425 0.04375 1)
(0.4375 0.04375 1)
(0.45 0.04375 1)
(0.4625 0.04375 1)
(0.475 0.04375 1)
(0.4875 0.04375 1)
(0.5 0.04375 1)
(0.5125 0.04375 1)
(0.525 0.04375 1)
(0.5375 0.04375 1)
(0.55 0.04375 1)
(0.5625 0.04375 1)
(0.575 0.04375 1)
(0.5875 0.04375 1)
(0.6 0.04375 1)
(0.6125 0.04375 1)
(0.625 0.04375 1)
(0.6375 0.04375 1)
(0.65 0.04375 1)
(0.6625 0.04375 1)
(0.675 0.04375 1)
(0.6875 0.04375 1)
(0.7 0.04375 1)
(0.7125 0.04375 1)
(0.725 0.04375 1)
(0.7375 0.04375 1)
(0.75 0.04375 1)
(0.7625 0.04375 1)
(0.775 0.04375 1)
(0.7875 0.04375 1)
(0.8 0.04375 1)
(0.8125 0.04375 1)
(0.825 0.04375 1)
(0.8375 0.04375 1)
(0.85 0.04375 1)
(0.8625 0.04375 1)
(0.875 0.04375 1)
(0.8875 0.04375 1)
(0.9 0.04375 1)
(0.9125 0.04375 1)
(0.925 0.04375 1)
(0.9375 0.04375 1)
(0.95 0.04375 1)
(0.9625 0.04375 1)
(0.975 0.04375 1)
(0.9875 0.04375 1)
(1 0.04375 1)
(1.0125 0.04375 1)
(1.025 0.04375 1)
(1.0375 0.04375 1)
(1.05 0.04375 1)
(1.0625 0.04375 1)
(1.075 0.04375 1)
(1.0875 0.04375 1)
(1.1 0.04375 1)
(1.1125 0.04375 1)
(1.125 0.04375 1)
(1.1375 0.04375 1)
(1.15 0.04375 1)
(1.1625 0.04375 1)
(1.175 0.04375 1)
(1.1875 0.04375 1)
(1.2 0.04375 1)
(1.2125 0.04375 1)
(1.225 0.04375 1)
(1.2375 0.04375 1)
(1.25 0.04375 1)
(1.2625 0.04375 1)
(1.275 0.04375 1)
(1.2875 0.04375 1)
(1.3 0.04375 1)
(1.3125 0.04375 1)
(1.325 0.04375 1)
(1.3375 0.04375 1)
(1.35 0.04375 1)
(1.3625 0.04375 1)
(1.375 0.04375 1)
(1.3875 0.04375 1)
(1.4 0.04375 1)
(1.4125 0.04375 1)
(1.425 0.04375 1)
(1.4375 0.04375 1)
(1.45 0.04375 1)
(1.4625 0.04375 1)
(1.475 0.04375 1)
(1.4875 0.04375 1)
(1.5 0.04375 1)
(1.5125 0.04375 1)
(1.525 0.04375 1)
(1.5375 0.04375 1)
(1.55 0.04375 1)
(1.5625 0.04375 1)
(1.575 0.04375 1)
(1.5875 0.04375 1)
(1.6 0.04375 1)
(1.6125 0.04375 1)
(1.625 0.04375 1)
(1.6375 0.04375 1)
(1.65 0.04375 1)
(1.6625 0.04375 1)
(1.675 0.04375 1)
(1.6875 0.04375 1)
(1.7 0.04375 1)
(1.7125 0.04375 1)
(1.725 0.04375 1)
(1.7375 0.04375 1)
(1.75 0.04375 1)
(1.7625 0.04375 1)
(1.775 0.04375 1)
(1.7875 0.04375 1)
(1.8 0.04375 1)
(1.8125 0.04375 1)
(1.825 0.04375 1)
(1.8375 0.04375 1)
(1.85 0.04375 1)
(1.8625 0.04375 1)
(1.875 0.04375 1)
(1.8875 0.04375 1)
(1.9 0.04375 1)
(1.9125 0.04375 1)
(1.925 0.04375 1)
(1.9375 0.04375 1)
(1.95 0.04375 1)
(1.9625 0.04375 1)
(1.975 0.04375 1)
(1.9875 0.04375 1)
(2 0.04375 1)
(0 0.05 1)
(0.0125 0.05 1)
(0.025 0.05 1)
(0.0375 0.05 1)
(0.05 0.05 1)
(0.0625 0.05 1)
(0.075 0.05 1)
(0.0875 0.05 1)
(0.1 0.05 1)
(0.1125 0.05 1)
(0.125 0.05 1)
(0.1375 0.05 1)
(0.15 0.05 1)
(0.1625 0.05 1)
(0.175 0.05 1)
(0.1875 0.05 1)
(0.2 0.05 1)
(0.2125 0.05 1)
(0.225 0.05 1)
(0.2375 0.05 1)
(0.25 0.05 1)
(0.2625 0.05 1)
(0.275 0.05 1)
(0.2875 0.05 1)
(0.3 0.05 1)
(0.3125 0.05 1)
(0.325 0.05 1)
(0.3375 0.05 1)
(0.35 0.05 1)
(0.3625 0.05 1)
(0.375 0.05 1)
(0.3875 0.05 1)
(0.4 0.05 1)
(0.4125 0.05 1)
(0.425 0.05 1)
(0.4375 0.05 1)
(0.45 0.05 1)
(0.4625 0.05 1)
(0.475 0.05 1)
(0.4875 0.05 1)
(0.5 0.05 1)
(0.5125 0.05 1)
(0.525 0.05 1)
(0.5375 0.05 1)
(0.55 0.05 1)
(0.5625 0.05 1)
(0.575 0.05 1)
(0.5875 0.05 1)
(0.6 0.05 1)
(0.6125 0.05 1)
(0.625 0.05 1)
(0.6375 0.05 1)
(0.65 0.05 1)
(0.6625 0.05 1)
(0.675 0.05 1)
(0.6875 0.05 1)
(0.7 0.05 1)
(0.7125 0.05 1)
(0.725 0.05 1)
(0.7375 0.05 1)
(0.75 0.05 1)
(0.7625 0.05 1)
(0.775 0.05 1)
(0.7875 0.05 1)
(0.8 0.05 1)
(0.8125 0.05 1)
(0.825 0.05 1)
(0.8375 0.05 1)
(0.85 0.05 1)
(0.8625 0.05 1)
(0.875 0.05 1)
(0.8875 0.05 1)
(0.9 0.05 1)
(0.9125 0.05 1)
(0.925 0.05 1)
(0.9375 0.05 1)
(0.95 0.05 1)
(0.9625 0.05 1)
(0.975 0.05 1)
(0.9875 0.05 1)
(1 0.05 1)
(1.0125 0.05 1)
(1.025 0.05 1)
(1.0375 0.05 1)
(1.05 0.05 1)
(1.0625 0.05 1)
(1.075 0.05 1)
(1.0875 0.05 1)
(1.1 0.05 1)
(1.1125 0.05 1)
(1.125 0.05 1)
(1.1375 0.05 1)
(1.15 0.05 1)
(1.1625 0.05 1)
(1.175 0.05 1)
(1.1875 0.05 1)
(1.2 0.05 1)
(1.2125 0.05 1)
(1.225 0.05 1)
(1.2375 0.05 1)
(1.25 0.05 1)
(1.2625 0.05 1)
(1.275 0.05 1)
(1.2875 0.05 1)
(1.3 0.05 1)
(1.3125 0.05 1)
(1.325 0.05 1)
(1.3375 0.05 1)
(1.35 0.05 1)
(1.3625 0.05 1)
(1.375 0.05 1)
(1.3875 0.05 1)
(1.4 0.05 1)
(1.4125 0.05 1)
(1.425 0.05 1)
(1.4375 0.05 1)
(1.45 0.05 1)
(1.4625 0.05 1)
(1.475 0.05 1)
(1.4875 0.05 1)
(1.5 0.05 1)
(1.5125 0.05 1)
(1.525 0.05 1)
(1.5375 0.05 1)
(1.55 0.05 1)
(1.5625 0.05 1)
(1.575 0.05 1)
(1.5875 0.05 1)
(1.6 0.05 1)
(1.6125 0.05 1)
(1.625 0.05 1)
(1.6375 0.05 1)
(1.65 0.05 1)
(1.6625 0.05 1)
(1.675 0.05 1)
(1.6875 0.05 1)
(1.7 0.05 1)
(1.7125 0.05 1)
(1.725 0.05 1)
(1.7375 0.05 1)
(1.75 0.05 1)
(1.7625 0.05 1)
(1.775 0.05 1)
(1.7875 0.05 1)
(1.8 0.05 1)
(1.8125 0.05 1)
(1.825 0.05 1)
(1.8375 0.05 1)
(1.85 0.05 1)
(1.8625 0.05 1)
(1.875 0.05 1)
(1.8875 0.05 1)
(1.9 0.05 1)
(1.9125 0.05 1)
(1.925 0.05 1)
(1.9375 0.05 1)
(1.95 0.05 1)
(1.9625 0.05 1)
(1.975 0.05 1)
(1.9875 0.05 1)
(2 0.05 1)
(0 0.05625 1)
(0.0125 0.05625 1)
(0.025 0.05625 1)
(0.0375 0.05625 1)
(0.05 0.05625 1)
(0.0625 0.05625 1)
(0.075 0.05625 1)
(0.0875 0.05625 1)
(0.1 0.05625 1)
(0.1125 0.05625 1)
(0.125 0.05625 1)
(0.1375 0.05625 1)
(0.15 0.05625 1)
(0.1625 0.05625 1)
(0.175 0.05625 1)
(0.1875 0.05625 1)
(0.2 0.05625 1)
(0.2125 0.05625 1)
(0.225 0.05625 1)
(0.2375 0.05625 1)
(0.25 0.05625 1)
(0.2625 0.05625 1)
(0.275 0.05625 1)
(0.2875 0.05625 1)
(0.3 0.05625 1)
(0.3125 0.05625 1)
(0.325 0.05625 1)
(0.3375 0.05625 1)
(0.35 0.05625 1)
(0.3625 0.05625 1)
(0.375 0.05625 1)
(0.3875 0.05625 1)
(0.4 0.05625 1)
(0.4125 0.05625 1)
(0.425 0.05625 1)
(0.4375 0.05625 1)
(0.45 0.05625 1)
(0.4625 0.05625 1)
(0.475 0.05625 1)
(0.4875 0.05625 1)
(0.5 0.05625 1)
(0.5125 0.05625 1)
(0.525 0.05625 1)
(0.5375 0.05625 1)
(0.55 0.05625 1)
(0.5625 0.05625 1)
(0.575 0.05625 1)
(0.5875 0.05625 1)
(0.6 0.05625 1)
(0.6125 0.05625 1)
(0.625 0.05625 1)
(0.6375 0.05625 1)
(0.65 0.05625 1)
(0.6625 0.05625 1)
(0.675 0.05625 1)
(0.6875 0.05625 1)
(0.7 0.05625 1)
(0.7125 0.05625 1)
(0.725 0.05625 1)
(0.7375 0.05625 1)
(0.75 0.05625 1)
(0.7625 0.05625 1)
(0.775 0.05625 1)
(0.7875 0.05625 1)
(0.8 0.05625 1)
(0.8125 0.05625 1)
(0.825 0.05625 1)
(0.8375 0.05625 1)
(0.85 0.05625 1)
(0.8625 0.05625 1)
(0.875 0.05625 1)
(0.8875 0.05625 1)
(0.9 0.05625 1)
(0.9125 0.05625 1)
(0.925 0.05625 1)
(0.9375 0.05625 1)
(0.95 0.05625 1)
(0.9625 0.05625 1)
(0.975 0.05625 1)
(0.9875 0.05625 1)
(1 0.05625 1)
(1.0125 0.05625 1)
(1.025 0.05625 1)
(1.0375 0.05625 1)
(1.05 0.05625 1)
(1.0625 0.05625 1)
(1.075 0.05625 1)
(1.0875 0.05625 1)
(1.1 0.05625 1)
(1.1125 0.05625 1)
(1.125 0.05625 1)
(1.1375 0.05625 1)
(1.15 0.05625 1)
(1.1625 0.05625 1)
(1.175 0.05625 1)
(1.1875 0.05625 1)
(1.2 0.05625 1)
(1.2125 0.05625 1)
(1.225 0.05625 1)
(1.2375 0.05625 1)
(1.25 0.05625 1)
(1.2625 0.05625 1)
(1.275 0.05625 1)
(1.2875 0.05625 1)
(1.3 0.05625 1)
(1.3125 0.05625 1)
(1.325 0.05625 1)
(1.3375 0.05625 1)
(1.35 0.05625 1)
(1.3625 0.05625 1)
(1.375 0.05625 1)
(1.3875 0.05625 1)
(1.4 0.05625 1)
(1.4125 0.05625 1)
(1.425 0.05625 1)
(1.4375 0.05625 1)
(1.45 0.05625 1)
(1.4625 0.05625 1)
(1.475 0.05625 1)
(1.4875 0.05625 1)
(1.5 0.05625 1)
(1.5125 0.05625 1)
(1.525 0.05625 1)
(1.5375 0.05625 1)
(1.55 0.05625 1)
(1.5625 0.05625 1)
(1.575 0.05625 1)
(1.5875 0.05625 1)
(1.6 0.05625 1)
(1.6125 0.05625 1)
(1.625 0.05625 1)
(1.6375 0.05625 1)
(1.65 0.05625 1)
(1.6625 0.05625 1)
(1.675 0.05625 1)
(1.6875 0.05625 1)
(1.7 0.05625 1)
(1.7125 0.05625 1)
(1.725 0.05625 1)
(1.7375 0.05625 1)
(1.75 0.05625 1)
(1.7625 0.05625 1)
(1.775 0.05625 1)
(1.7875 0.05625 1)
(1.8 0.05625 1)
(1.8125 0.05625 1)
(1.825 0.05625 1)
(1.8375 0.05625 1)
(1.85 0.05625 1)
(1.8625 0.05625 1)
(1.875 0.05625 1)
(1.8875 0.05625 1)
(1.9 0.05625 1)
(1.9125 0.05625 1)
(1.925 0.05625 1)
(1.9375 0.05625 1)
(1.95 0.05625 1)
(1.9625 0.05625 1)
(1.975 0.05625 1)
(1.9875 0.05625 1)
(2 0.05625 1)
(0 0.0625 1)
(0.0125 0.0625 1)
(0.025 0.0625 1)
(0.0375 0.0625 1)
(0.05 0.0625 1)
(0.0625 0.0625 1)
(0.075 0.0625 1)
(0.0875 0.0625 1)
(0.1 0.0625 1)
(0.1125 0.0625 1)
(0.125 0.0625 1)
(0.1375 0.0625 1)
(0.15 0.0625 1)
(0.1625 0.0625 1)
(0.175 0.0625 1)
(0.1875 0.0625 1)
(0.2 0.0625 1)
(0.2125 0.0625 1)
(0.225 0.0625 1)
(0.2375 0.0625 1)
(0.25 0.0625 1)
(0.2625 0.0625 1)
(0.275 0.0625 1)
(0.2875 0.0625 1)
(0.3 0.0625 1)
(0.3125 0.0625 1)
(0.325 0.0625 1)
(0.3375 0.0625 1)
(0.35 0.0625 1)
(0.3625 0.0625 1)
(0.375 0.0625 1)
(0.3875 0.0625 1)
(0.4 0.0625 1)
(0.4125 0.0625 1)
(0.425 0.0625 1)
(0.4375 0.0625 1)
(0.45 0.0625 1)
(0.4625 0.0625 1)
(0.475 0.0625 1)
(0.4875 0.0625 1)
(0.5 0.0625 1)
(0.5125 0.0625 1)
(0.525 0.0625 1)
(0.5375 0.0625 1)
(0.55 0.0625 1)
(0.5625 0.0625 1)
(0.575 0.0625 1)
(0.5875 0.0625 1)
(0.6 0.0625 1)
(0.6125 0.0625 1)
(0.625 0.0625 1)
(0.6375 0.0625 1)
(0.65 0.0625 1)
(0.6625 0.0625 1)
(0.675 0.0625 1)
(0.6875 0.0625 1)
(0.7 0.0625 1)
(0.7125 0.0625 1)
(0.725 0.0625 1)
(0.7375 0.0625 1)
(0.75 0.0625 1)
(0.7625 0.0625 1)
(0.775 0.0625 1)
(0.7875 0.0625 1)
(0.8 0.0625 1)
(0.8125 0.0625 1)
(0.825 0.0625 1)
(0.8375 0.0625 1)
(0.85 0.0625 1)
(0.8625 0.0625 1)
(0.875 0.0625 1)
(0.8875 0.0625 1)
(0.9 0.0625 1)
(0.9125 0.0625 1)
(0.925 0.0625 1)
(0.9375 0.0625 1)
(0.95 0.0625 1)
(0.9625 0.0625 1)
(0.975 0.0625 1)
(0.9875 0.0625 1)
(1 0.0625 1)
(1.0125 0.0625 1)
(1.025 0.0625 1)
(1.0375 0.0625 1)
(1.05 0.0625 1)
(1.0625 0.0625 1)
(1.075 0.0625 1)
(1.0875 0.0625 1)
(1.1 0.0625 1)
(1.1125 0.0625 1)
(1.125 0.0625 1)
(1.1375 0.0625 1)
(1.15 0.0625 1)
(1.1625 0.0625 1)
(1.175 0.0625 1)
(1.1875 0.0625 1)
(1.2 0.0625 1)
(1.2125 0.0625 1)
(1.225 0.0625 1)
(1.2375 0.0625 1)
(1.25 0.0625 1)
(1.2625 0.0625 1)
(1.275 0.0625 1)
(1.2875 0.0625 1)
(1.3 0.0625 1)
(1.3125 0.0625 1)
(1.325 0.0625 1)
(1.3375 0.0625 1)
(1.35 0.0625 1)
(1.3625 0.0625 1)
(1.375 0.0625 1)
(1.3875 0.0625 1)
(1.4 0.0625 1)
(1.4125 0.0625 1)
(1.425 0.0625 1)
(1.4375 0.0625 1)
(1.45 0.0625 1)
(1.4625 0.0625 1)
(1.475 0.0625 1)
(1.4875 0.0625 1)
(1.5 0.0625 1)
(1.5125 0.0625 1)
(1.525 0.0625 1)
(1.5375 0.0625 1)
(1.55 0.0625 1)
(1.5625 0.0625 1)
(1.575 0.0625 1)
(1.5875 0.0625 1)
(1.6 0.0625 1)
(1.6125 0.0625 1)
(1.625 0.0625 1)
(1.6375 0.0625 1)
(1.65 0.0625 1)
(1.6625 0.0625 1)
(1.675 0.0625 1)
(1.6875 0.0625 1)
(1.7 0.0625 1)
(1.7125 0.0625 1)
(1.725 0.0625 1)
(1.7375 0.0625 1)
(1.75 0.0625 1)
(1.7625 0.0625 1)
(1.775 0.0625 1)
(1.7875 0.0625 1)
(1.8 0.0625 1)
(1.8125 0.0625 1)
(1.825 0.0625 1)
(1.8375 0.0625 1)
(1.85 0.0625 1)
(1.8625 0.0625 1)
(1.875 0.0625 1)
(1.8875 0.0625 1)
(1.9 0.0625 1)
(1.9125 0.0625 1)
(1.925 0.0625 1)
(1.9375 0.0625 1)
(1.95 0.0625 1)
(1.9625 0.0625 1)
(1.975 0.0625 1)
(1.9875 0.0625 1)
(2 0.0625 1)
(0 0.06875 1)
(0.0125 0.06875 1)
(0.025 0.06875 1)
(0.0375 0.06875 1)
(0.05 0.06875 1)
(0.0625 0.06875 1)
(0.075 0.06875 1)
(0.0875 0.06875 1)
(0.1 0.06875 1)
(0.1125 0.06875 1)
(0.125 0.06875 1)
(0.1375 0.06875 1)
(0.15 0.06875 1)
(0.1625 0.06875 1)
(0.175 0.06875 1)
(0.1875 0.06875 1)
(0.2 0.06875 1)
(0.2125 0.06875 1)
(0.225 0.06875 1)
(0.2375 0.06875 1)
(0.25 0.06875 1)
(0.2625 0.06875 1)
(0.275 0.06875 1)
(0.2875 0.06875 1)
(0.3 0.06875 1)
(0.3125 0.06875 1)
(0.325 0.06875 1)
(0.3375 0.06875 1)
(0.35 0.06875 1)
(0.3625 0.06875 1)
(0.375 0.06875 1)
(0.3875 0.06875 1)
(0.4 0.06875 1)
(0.4125 0.06875 1)
(0.425 0.06875 1)
(0.4375 0.06875 1)
(0.45 0.06875 1)
(0.4625 0.06875 1)
(0.475 0.06875 1)
(0.4875 0.06875 1)
(0.5 0.06875 1)
(0.5125 0.06875 1)
(0.525 0.06875 1)
(0.5375 0.06875 1)
(0.55 0.06875 1)
(0.5625 0.06875 1)
(0.575 0.06875 1)
(0.5875 0.06875 1)
(0.6 0.06875 1)
(0.6125 0.06875 1)
(0.625 0.06875 1)
(0.6375 0.06875 1)
(0.65 0.06875 1)
(0.6625 0.06875 1)
(0.675 0.06875 1)
(0.6875 0.06875 1)
(0.7 0.06875 1)
(0.7125 0.06875 1)
(0.725 0.06875 1)
(0.7375 0.06875 1)
(0.75 0.06875 1)
(0.7625 0.06875 1)
(0.775 0.06875 1)
(0.7875 0.06875 1)
(0.8 0.06875 1)
(0.8125 0.06875 1)
(0.825 0.06875 1)
(0.8375 0.06875 1)
(0.85 0.06875 1)
(0.8625 0.06875 1)
(0.875 0.06875 1)
(0.8875 0.06875 1)
(0.9 0.06875 1)
(0.9125 0.06875 1)
(0.925 0.06875 1)
(0.9375 0.06875 1)
(0.95 0.06875 1)
(0.9625 0.06875 1)
(0.975 0.06875 1)
(0.9875 0.06875 1)
(1 0.06875 1)
(1.0125 0.06875 1)
(1.025 0.06875 1)
(1.0375 0.06875 1)
(1.05 0.06875 1)
(1.0625 0.06875 1)
(1.075 0.06875 1)
(1.0875 0.06875 1)
(1.1 0.06875 1)
(1.1125 0.06875 1)
(1.125 0.06875 1)
(1.1375 0.06875 1)
(1.15 0.06875 1)
(1.1625 0.06875 1)
(1.175 0.06875 1)
(1.1875 0.06875 1)
(1.2 0.06875 1)
(1.2125 0.06875 1)
(1.225 0.06875 1)
(1.2375 0.06875 1)
(1.25 0.06875 1)
(1.2625 0.06875 1)
(1.275 0.06875 1)
(1.2875 0.06875 1)
(1.3 0.06875 1)
(1.3125 0.06875 1)
(1.325 0.06875 1)
(1.3375 0.06875 1)
(1.35 0.06875 1)
(1.3625 0.06875 1)
(1.375 0.06875 1)
(1.3875 0.06875 1)
(1.4 0.06875 1)
(1.4125 0.06875 1)
(1.425 0.06875 1)
(1.4375 0.06875 1)
(1.45 0.06875 1)
(1.4625 0.06875 1)
(1.475 0.06875 1)
(1.4875 0.06875 1)
(1.5 0.06875 1)
(1.5125 0.06875 1)
(1.525 0.06875 1)
(1.5375 0.06875 1)
(1.55 0.06875 1)
(1.5625 0.06875 1)
(1.575 0.06875 1)
(1.5875 0.06875 1)
(1.6 0.06875 1)
(1.6125 0.06875 1)
(1.625 0.06875 1)
(1.6375 0.06875 1)
(1.65 0.06875 1)
(1.6625 0.06875 1)
(1.675 0.06875 1)
(1.6875 0.06875 1)
(1.7 0.06875 1)
(1.7125 0.06875 1)
(1.725 0.06875 1)
(1.7375 0.06875 1)
(1.75 0.06875 1)
(1.7625 0.06875 1)
(1.775 0.06875 1)
(1.7875 0.06875 1)
(1.8 0.06875 1)
(1.8125 0.06875 1)
(1.825 0.06875 1)
(1.8375 0.06875 1)
(1.85 0.06875 1)
(1.8625 0.06875 1)
(1.875 0.06875 1)
(1.8875 0.06875 1)
(1.9 0.06875 1)
(1.9125 0.06875 1)
(1.925 0.06875 1)
(1.9375 0.06875 1)
(1.95 0.06875 1)
(1.9625 0.06875 1)
(1.975 0.06875 1)
(1.9875 0.06875 1)
(2 0.06875 1)
(0 0.075 1)
(0.0125 0.075 1)
(0.025 0.075 1)
(0.0375 0.075 1)
(0.05 0.075 1)
(0.0625 0.075 1)
(0.075 0.075 1)
(0.0875 0.075 1)
(0.1 0.075 1)
(0.1125 0.075 1)
(0.125 0.075 1)
(0.1375 0.075 1)
(0.15 0.075 1)
(0.1625 0.075 1)
(0.175 0.075 1)
(0.1875 0.075 1)
(0.2 0.075 1)
(0.2125 0.075 1)
(0.225 0.075 1)
(0.2375 0.075 1)
(0.25 0.075 1)
(0.2625 0.075 1)
(0.275 0.075 1)
(0.2875 0.075 1)
(0.3 0.075 1)
(0.3125 0.075 1)
(0.325 0.075 1)
(0.3375 0.075 1)
(0.35 0.075 1)
(0.3625 0.075 1)
(0.375 0.075 1)
(0.3875 0.075 1)
(0.4 0.075 1)
(0.4125 0.075 1)
(0.425 0.075 1)
(0.4375 0.075 1)
(0.45 0.075 1)
(0.4625 0.075 1)
(0.475 0.075 1)
(0.4875 0.075 1)
(0.5 0.075 1)
(0.5125 0.075 1)
(0.525 0.075 1)
(0.5375 0.075 1)
(0.55 0.075 1)
(0.5625 0.075 1)
(0.575 0.075 1)
(0.5875 0.075 1)
(0.6 0.075 1)
(0.6125 0.075 1)
(0.625 0.075 1)
(0.6375 0.075 1)
(0.65 0.075 1)
(0.6625 0.075 1)
(0.675 0.075 1)
(0.6875 0.075 1)
(0.7 0.075 1)
(0.7125 0.075 1)
(0.725 0.075 1)
(0.7375 0.075 1)
(0.75 0.075 1)
(0.7625 0.075 1)
(0.775 0.075 1)
(0.7875 0.075 1)
(0.8 0.075 1)
(0.8125 0.075 1)
(0.825 0.075 1)
(0.8375 0.075 1)
(0.85 0.075 1)
(0.8625 0.075 1)
(0.875 0.075 1)
(0.8875 0.075 1)
(0.9 0.075 1)
(0.9125 0.075 1)
(0.925 0.075 1)
(0.9375 0.075 1)
(0.95 0.075 1)
(0.9625 0.075 1)
(0.975 0.075 1)
(0.9875 0.075 1)
(1 0.075 1)
(1.0125 0.075 1)
(1.025 0.075 1)
(1.0375 0.075 1)
(1.05 0.075 1)
(1.0625 0.075 1)
(1.075 0.075 1)
(1.0875 0.075 1)
(1.1 0.075 1)
(1.1125 0.075 1)
(1.125 0.075 1)
(1.1375 0.075 1)
(1.15 0.075 1)
(1.1625 0.075 1)
(1.175 0.075 1)
(1.1875 0.075 1)
(1.2 0.075 1)
(1.2125 0.075 1)
(1.225 0.075 1)
(1.2375 0.075 1)
(1.25 0.075 1)
(1.2625 0.075 1)
(1.275 0.075 1)
(1.2875 0.075 1)
(1.3 0.075 1)
(1.3125 0.075 1)
(1.325 0.075 1)
(1.3375 0.075 1)
(1.35 0.075 1)
(1.3625 0.075 1)
(1.375 0.075 1)
(1.3875 0.075 1)
(1.4 0.075 1)
(1.4125 0.075 1)
(1.425 0.075 1)
(1.4375 0.075 1)
(1.45 0.075 1)
(1.4625 0.075 1)
(1.475 0.075 1)
(1.4875 0.075 1)
(1.5 0.075 1)
(1.5125 0.075 1)
(1.525 0.075 1)
(1.5375 0.075 1)
(1.55 0.075 1)
(1.5625 0.075 1)
(1.575 0.075 1)
(1.5875 0.075 1)
(1.6 0.075 1)
(1.6125 0.075 1)
(1.625 0.075 1)
(1.6375 0.075 1)
(1.65 0.075 1)
(1.6625 0.075 1)
(1.675 0.075 1)
(1.6875 0.075 1)
(1.7 0.075 1)
(1.7125 0.075 1)
(1.725 0.075 1)
(1.7375 0.075 1)
(1.75 0.075 1)
(1.7625 0.075 1)
(1.775 0.075 1)
(1.7875 0.075 1)
(1.8 0.075 1)
(1.8125 0.075 1)
(1.825 0.075 1)
(1.8375 0.075 1)
(1.85 0.075 1)
(1.8625 0.075 1)
(1.875 0.075 1)
(1.8875 0.075 1)
(1.9 0.075 1)
(1.9125 0.075 1)
(1.925 0.075 1)
(1.9375 0.075 1)
(1.95 0.075 1)
(1.9625 0.075 1)
(1.975 0.075 1)
(1.9875 0.075 1)
(2 0.075 1)
(0 0.08125 1)
(0.0125 0.08125 1)
(0.025 0.08125 1)
(0.0375 0.08125 1)
(0.05 0.08125 1)
(0.0625 0.08125 1)
(0.075 0.08125 1)
(0.0875 0.08125 1)
(0.1 0.08125 1)
(0.1125 0.08125 1)
(0.125 0.08125 1)
(0.1375 0.08125 1)
(0.15 0.08125 1)
(0.1625 0.08125 1)
(0.175 0.08125 1)
(0.1875 0.08125 1)
(0.2 0.08125 1)
(0.2125 0.08125 1)
(0.225 0.08125 1)
(0.2375 0.08125 1)
(0.25 0.08125 1)
(0.2625 0.08125 1)
(0.275 0.08125 1)
(0.2875 0.08125 1)
(0.3 0.08125 1)
(0.3125 0.08125 1)
(0.325 0.08125 1)
(0.3375 0.08125 1)
(0.35 0.08125 1)
(0.3625 0.08125 1)
(0.375 0.08125 1)
(0.3875 0.08125 1)
(0.4 0.08125 1)
(0.4125 0.08125 1)
(0.425 0.08125 1)
(0.4375 0.08125 1)
(0.45 0.08125 1)
(0.4625 0.08125 1)
(0.475 0.08125 1)
(0.4875 0.08125 1)
(0.5 0.08125 1)
(0.5125 0.08125 1)
(0.525 0.08125 1)
(0.5375 0.08125 1)
(0.55 0.08125 1)
(0.5625 0.08125 1)
(0.575 0.08125 1)
(0.5875 0.08125 1)
(0.6 0.08125 1)
(0.6125 0.08125 1)
(0.625 0.08125 1)
(0.6375 0.08125 1)
(0.65 0.08125 1)
(0.6625 0.08125 1)
(0.675 0.08125 1)
(0.6875 0.08125 1)
(0.7 0.08125 1)
(0.7125 0.08125 1)
(0.725 0.08125 1)
(0.7375 0.08125 1)
(0.75 0.08125 1)
(0.7625 0.08125 1)
(0.775 0.08125 1)
(0.7875 0.08125 1)
(0.8 0.08125 1)
(0.8125 0.08125 1)
(0.825 0.08125 1)
(0.8375 0.08125 1)
(0.85 0.08125 1)
(0.8625 0.08125 1)
(0.875 0.08125 1)
(0.8875 0.08125 1)
(0.9 0.08125 1)
(0.9125 0.08125 1)
(0.925 0.08125 1)
(0.9375 0.08125 1)
(0.95 0.08125 1)
(0.9625 0.08125 1)
(0.975 0.08125 1)
(0.9875 0.08125 1)
(1 0.08125 1)
(1.0125 0.08125 1)
(1.025 0.08125 1)
(1.0375 0.08125 1)
(1.05 0.08125 1)
(1.0625 0.08125 1)
(1.075 0.08125 1)
(1.0875 0.08125 1)
(1.1 0.08125 1)
(1.1125 0.08125 1)
(1.125 0.08125 1)
(1.1375 0.08125 1)
(1.15 0.08125 1)
(1.1625 0.08125 1)
(1.175 0.08125 1)
(1.1875 0.08125 1)
(1.2 0.08125 1)
(1.2125 0.08125 1)
(1.225 0.08125 1)
(1.2375 0.08125 1)
(1.25 0.08125 1)
(1.2625 0.08125 1)
(1.275 0.08125 1)
(1.2875 0.08125 1)
(1.3 0.08125 1)
(1.3125 0.08125 1)
(1.325 0.08125 1)
(1.3375 0.08125 1)
(1.35 0.08125 1)
(1.3625 0.08125 1)
(1.375 0.08125 1)
(1.3875 0.08125 1)
(1.4 0.08125 1)
(1.4125 0.08125 1)
(1.425 0.08125 1)
(1.4375 0.08125 1)
(1.45 0.08125 1)
(1.4625 0.08125 1)
(1.475 0.08125 1)
(1.4875 0.08125 1)
(1.5 0.08125 1)
(1.5125 0.08125 1)
(1.525 0.08125 1)
(1.5375 0.08125 1)
(1.55 0.08125 1)
(1.5625 0.08125 1)
(1.575 0.08125 1)
(1.5875 0.08125 1)
(1.6 0.08125 1)
(1.6125 0.08125 1)
(1.625 0.08125 1)
(1.6375 0.08125 1)
(1.65 0.08125 1)
(1.6625 0.08125 1)
(1.675 0.08125 1)
(1.6875 0.08125 1)
(1.7 0.08125 1)
(1.7125 0.08125 1)
(1.725 0.08125 1)
(1.7375 0.08125 1)
(1.75 0.08125 1)
(1.7625 0.08125 1)
(1.775 0.08125 1)
(1.7875 0.08125 1)
(1.8 0.08125 1)
(1.8125 0.08125 1)
(1.825 0.08125 1)
(1.8375 0.08125 1)
(1.85 0.08125 1)
(1.8625 0.08125 1)
(1.875 0.08125 1)
(1.8875 0.08125 1)
(1.9 0.08125 1)
(1.9125 0.08125 1)
(1.925 0.08125 1)
(1.9375 0.08125 1)
(1.95 0.08125 1)
(1.9625 0.08125 1)
(1.975 0.08125 1)
(1.9875 0.08125 1)
(2 0.08125 1)
(0 0.0875 1)
(0.0125 0.0875 1)
(0.025 0.0875 1)
(0.0375 0.0875 1)
(0.05 0.0875 1)
(0.0625 0.0875 1)
(0.075 0.0875 1)
(0.0875 0.0875 1)
(0.1 0.0875 1)
(0.1125 0.0875 1)
(0.125 0.0875 1)
(0.1375 0.0875 1)
(0.15 0.0875 1)
(0.1625 0.0875 1)
(0.175 0.0875 1)
(0.1875 0.0875 1)
(0.2 0.0875 1)
(0.2125 0.0875 1)
(0.225 0.0875 1)
(0.2375 0.0875 1)
(0.25 0.0875 1)
(0.2625 0.0875 1)
(0.275 0.0875 1)
(0.2875 0.0875 1)
(0.3 0.0875 1)
(0.3125 0.0875 1)
(0.325 0.0875 1)
(0.3375 0.0875 1)
(0.35 0.0875 1)
(0.3625 0.0875 1)
(0.375 0.0875 1)
(0.3875 0.0875 1)
(0.4 0.0875 1)
(0.4125 0.0875 1)
(0.425 0.0875 1)
(0.4375 0.0875 1)
(0.45 0.0875 1)
(0.4625 0.0875 1)
(0.475 0.0875 1)
(0.4875 0.0875 1)
(0.5 0.0875 1)
(0.5125 0.0875 1)
(0.525 0.0875 1)
(0.5375 0.0875 1)
(0.55 0.0875 1)
(0.5625 0.0875 1)
(0.575 0.0875 1)
(0.5875 0.0875 1)
(0.6 0.0875 1)
(0.6125 0.0875 1)
(0.625 0.0875 1)
(0.6375 0.0875 1)
(0.65 0.0875 1)
(0.6625 0.0875 1)
(0.675 0.0875 1)
(0.6875 0.0875 1)
(0.7 0.0875 1)
(0.7125 0.0875 1)
(0.725 0.0875 1)
(0.7375 0.0875 1)
(0.75 0.0875 1)
(0.7625 0.0875 1)
(0.775 0.0875 1)
(0.7875 0.0875 1)
(0.8 0.0875 1)
(0.8125 0.0875 1)
(0.825 0.0875 1)
(0.8375 0.0875 1)
(0.85 0.0875 1)
(0.8625 0.0875 1)
(0.875 0.0875 1)
(0.8875 0.0875 1)
(0.9 0.0875 1)
(0.9125 0.0875 1)
(0.925 0.0875 1)
(0.9375 0.0875 1)
(0.95 0.0875 1)
(0.9625 0.0875 1)
(0.975 0.0875 1)
(0.9875 0.0875 1)
(1 0.0875 1)
(1.0125 0.0875 1)
(1.025 0.0875 1)
(1.0375 0.0875 1)
(1.05 0.0875 1)
(1.0625 0.0875 1)
(1.075 0.0875 1)
(1.0875 0.0875 1)
(1.1 0.0875 1)
(1.1125 0.0875 1)
(1.125 0.0875 1)
(1.1375 0.0875 1)
(1.15 0.0875 1)
(1.1625 0.0875 1)
(1.175 0.0875 1)
(1.1875 0.0875 1)
(1.2 0.0875 1)
(1.2125 0.0875 1)
(1.225 0.0875 1)
(1.2375 0.0875 1)
(1.25 0.0875 1)
(1.2625 0.0875 1)
(1.275 0.0875 1)
(1.2875 0.0875 1)
(1.3 0.0875 1)
(1.3125 0.0875 1)
(1.325 0.0875 1)
(1.3375 0.0875 1)
(1.35 0.0875 1)
(1.3625 0.0875 1)
(1.375 0.0875 1)
(1.3875 0.0875 1)
(1.4 0.0875 1)
(1.4125 0.0875 1)
(1.425 0.0875 1)
(1.4375 0.0875 1)
(1.45 0.0875 1)
(1.4625 0.0875 1)
(1.475 0.0875 1)
(1.4875 0.0875 1)
(1.5 0.0875 1)
(1.5125 0.0875 1)
(1.525 0.0875 1)
(1.5375 0.0875 1)
(1.55 0.0875 1)
(1.5625 0.0875 1)
(1.575 0.0875 1)
(1.5875 0.0875 1)
(1.6 0.0875 1)
(1.6125 0.0875 1)
(1.625 0.0875 1)
(1.6375 0.0875 1)
(1.65 0.0875 1)
(1.6625 0.0875 1)
(1.675 0.0875 1)
(1.6875 0.0875 1)
(1.7 0.0875 1)
(1.7125 0.0875 1)
(1.725 0.0875 1)
(1.7375 0.0875 1)
(1.75 0.0875 1)
(1.7625 0.0875 1)
(1.775 0.0875 1)
(1.7875 0.0875 1)
(1.8 0.0875 1)
(1.8125 0.0875 1)
(1.825 0.0875 1)
(1.8375 0.0875 1)
(1.85 0.0875 1)
(1.8625 0.0875 1)
(1.875 0.0875 1)
(1.8875 0.0875 1)
(1.9 0.0875 1)
(1.9125 0.0875 1)
(1.925 0.0875 1)
(1.9375 0.0875 1)
(1.95 0.0875 1)
(1.9625 0.0875 1)
(1.975 0.0875 1)
(1.9875 0.0875 1)
(2 0.0875 1)
(0 0.09375 1)
(0.0125 0.09375 1)
(0.025 0.09375 1)
(0.0375 0.09375 1)
(0.05 0.09375 1)
(0.0625 0.09375 1)
(0.075 0.09375 1)
(0.0875 0.09375 1)
(0.1 0.09375 1)
(0.1125 0.09375 1)
(0.125 0.09375 1)
(0.1375 0.09375 1)
(0.15 0.09375 1)
(0.1625 0.09375 1)
(0.175 0.09375 1)
(0.1875 0.09375 1)
(0.2 0.09375 1)
(0.2125 0.09375 1)
(0.225 0.09375 1)
(0.2375 0.09375 1)
(0.25 0.09375 1)
(0.2625 0.09375 1)
(0.275 0.09375 1)
(0.2875 0.09375 1)
(0.3 0.09375 1)
(0.3125 0.09375 1)
(0.325 0.09375 1)
(0.3375 0.09375 1)
(0.35 0.09375 1)
(0.3625 0.09375 1)
(0.375 0.09375 1)
(0.3875 0.09375 1)
(0.4 0.09375 1)
(0.4125 0.09375 1)
(0.425 0.09375 1)
(0.4375 0.09375 1)
(0.45 0.09375 1)
(0.4625 0.09375 1)
(0.475 0.09375 1)
(0.4875 0.09375 1)
(0.5 0.09375 1)
(0.5125 0.09375 1)
(0.525 0.09375 1)
(0.5375 0.09375 1)
(0.55 0.09375 1)
(0.5625 0.09375 1)
(0.575 0.09375 1)
(0.5875 0.09375 1)
(0.6 0.09375 1)
(0.6125 0.09375 1)
(0.625 0.09375 1)
(0.6375 0.09375 1)
(0.65 0.09375 1)
(0.6625 0.09375 1)
(0.675 0.09375 1)
(0.6875 0.09375 1)
(0.7 0.09375 1)
(0.7125 0.09375 1)
(0.725 0.09375 1)
(0.7375 0.09375 1)
(0.75 0.09375 1)
(0.7625 0.09375 1)
(0.775 0.09375 1)
(0.7875 0.09375 1)
(0.8 0.09375 1)
(0.8125 0.09375 1)
(0.825 0.09375 1)
(0.8375 0.09375 1)
(0.85 0.09375 1)
(0.8625 0.09375 1)
(0.875 0.09375 1)
(0.8875 0.09375 1)
(0.9 0.09375 1)
(0.9125 0.09375 1)
(0.925 0.09375 1)
(0.9375 0.09375 1)
(0.95 0.09375 1)
(0.9625 0.09375 1)
(0.975 0.09375 1)
(0.9875 0.09375 1)
(1 0.09375 1)
(1.0125 0.09375 1)
(1.025 0.09375 1)
(1.0375 0.09375 1)
(1.05 0.09375 1)
(1.0625 0.09375 1)
(1.075 0.09375 1)
(1.0875 0.09375 1)
(1.1 0.09375 1)
(1.1125 0.09375 1)
(1.125 0.09375 1)
(1.1375 0.09375 1)
(1.15 0.09375 1)
(1.1625 0.09375 1)
(1.175 0.09375 1)
(1.1875 0.09375 1)
(1.2 0.09375 1)
(1.2125 0.09375 1)
(1.225 0.09375 1)
(1.2375 0.09375 1)
(1.25 0.09375 1)
(1.2625 0.09375 1)
(1.275 0.09375 1)
(1.2875 0.09375 1)
(1.3 0.09375 1)
(1.3125 0.09375 1)
(1.325 0.09375 1)
(1.3375 0.09375 1)
(1.35 0.09375 1)
(1.3625 0.09375 1)
(1.375 0.09375 1)
(1.3875 0.09375 1)
(1.4 0.09375 1)
(1.4125 0.09375 1)
(1.425 0.09375 1)
(1.4375 0.09375 1)
(1.45 0.09375 1)
(1.4625 0.09375 1)
(1.475 0.09375 1)
(1.4875 0.09375 1)
(1.5 0.09375 1)
(1.5125 0.09375 1)
(1.525 0.09375 1)
(1.5375 0.09375 1)
(1.55 0.09375 1)
(1.5625 0.09375 1)
(1.575 0.09375 1)
(1.5875 0.09375 1)
(1.6 0.09375 1)
(1.6125 0.09375 1)
(1.625 0.09375 1)
(1.6375 0.09375 1)
(1.65 0.09375 1)
(1.6625 0.09375 1)
(1.675 0.09375 1)
(1.6875 0.09375 1)
(1.7 0.09375 1)
(1.7125 0.09375 1)
(1.725 0.09375 1)
(1.7375 0.09375 1)
(1.75 0.09375 1)
(1.7625 0.09375 1)
(1.775 0.09375 1)
(1.7875 0.09375 1)
(1.8 0.09375 1)
(1.8125 0.09375 1)
(1.825 0.09375 1)
(1.8375 0.09375 1)
(1.85 0.09375 1)
(1.8625 0.09375 1)
(1.875 0.09375 1)
(1.8875 0.09375 1)
(1.9 0.09375 1)
(1.9125 0.09375 1)
(1.925 0.09375 1)
(1.9375 0.09375 1)
(1.95 0.09375 1)
(1.9625 0.09375 1)
(1.975 0.09375 1)
(1.9875 0.09375 1)
(2 0.09375 1)
(0 0.1 1)
(0.0125 0.1 1)
(0.025 0.1 1)
(0.0375 0.1 1)
(0.05 0.1 1)
(0.0625 0.1 1)
(0.075 0.1 1)
(0.0875 0.1 1)
(0.1 0.1 1)
(0.1125 0.1 1)
(0.125 0.1 1)
(0.1375 0.1 1)
(0.15 0.1 1)
(0.1625 0.1 1)
(0.175 0.1 1)
(0.1875 0.1 1)
(0.2 0.1 1)
(0.2125 0.1 1)
(0.225 0.1 1)
(0.2375 0.1 1)
(0.25 0.1 1)
(0.2625 0.1 1)
(0.275 0.1 1)
(0.2875 0.1 1)
(0.3 0.1 1)
(0.3125 0.1 1)
(0.325 0.1 1)
(0.3375 0.1 1)
(0.35 0.1 1)
(0.3625 0.1 1)
(0.375 0.1 1)
(0.3875 0.1 1)
(0.4 0.1 1)
(0.4125 0.1 1)
(0.425 0.1 1)
(0.4375 0.1 1)
(0.45 0.1 1)
(0.4625 0.1 1)
(0.475 0.1 1)
(0.4875 0.1 1)
(0.5 0.1 1)
(0.5125 0.1 1)
(0.525 0.1 1)
(0.5375 0.1 1)
(0.55 0.1 1)
(0.5625 0.1 1)
(0.575 0.1 1)
(0.5875 0.1 1)
(0.6 0.1 1)
(0.6125 0.1 1)
(0.625 0.1 1)
(0.6375 0.1 1)
(0.65 0.1 1)
(0.6625 0.1 1)
(0.675 0.1 1)
(0.6875 0.1 1)
(0.7 0.1 1)
(0.7125 0.1 1)
(0.725 0.1 1)
(0.7375 0.1 1)
(0.75 0.1 1)
(0.7625 0.1 1)
(0.775 0.1 1)
(0.7875 0.1 1)
(0.8 0.1 1)
(0.8125 0.1 1)
(0.825 0.1 1)
(0.8375 0.1 1)
(0.85 0.1 1)
(0.8625 0.1 1)
(0.875 0.1 1)
(0.8875 0.1 1)
(0.9 0.1 1)
(0.9125 0.1 1)
(0.925 0.1 1)
(0.9375 0.1 1)
(0.95 0.1 1)
(0.9625 0.1 1)
(0.975 0.1 1)
(0.9875 0.1 1)
(1 0.1 1)
(1.0125 0.1 1)
(1.025 0.1 1)
(1.0375 0.1 1)
(1.05 0.1 1)
(1.0625 0.1 1)
(1.075 0.1 1)
(1.0875 0.1 1)
(1.1 0.1 1)
(1.1125 0.1 1)
(1.125 0.1 1)
(1.1375 0.1 1)
(1.15 0.1 1)
(1.1625 0.1 1)
(1.175 0.1 1)
(1.1875 0.1 1)
(1.2 0.1 1)
(1.2125 0.1 1)
(1.225 0.1 1)
(1.2375 0.1 1)
(1.25 0.1 1)
(1.2625 0.1 1)
(1.275 0.1 1)
(1.2875 0.1 1)
(1.3 0.1 1)
(1.3125 0.1 1)
(1.325 0.1 1)
(1.3375 0.1 1)
(1.35 0.1 1)
(1.3625 0.1 1)
(1.375 0.1 1)
(1.3875 0.1 1)
(1.4 0.1 1)
(1.4125 0.1 1)
(1.425 0.1 1)
(1.4375 0.1 1)
(1.45 0.1 1)
(1.4625 0.1 1)
(1.475 0.1 1)
(1.4875 0.1 1)
(1.5 0.1 1)
(1.5125 0.1 1)
(1.525 0.1 1)
(1.5375 0.1 1)
(1.55 0.1 1)
(1.5625 0.1 1)
(1.575 0.1 1)
(1.5875 0.1 1)
(1.6 0.1 1)
(1.6125 0.1 1)
(1.625 0.1 1)
(1.6375 0.1 1)
(1.65 0.1 1)
(1.6625 0.1 1)
(1.675 0.1 1)
(1.6875 0.1 1)
(1.7 0.1 1)
(1.7125 0.1 1)
(1.725 0.1 1)
(1.7375 0.1 1)
(1.75 0.1 1)
(1.7625 0.1 1)
(1.775 0.1 1)
(1.7875 0.1 1)
(1.8 0.1 1)
(1.8125 0.1 1)
(1.825 0.1 1)
(1.8375 0.1 1)
(1.85 0.1 1)
(1.8625 0.1 1)
(1.875 0.1 1)
(1.8875 0.1 1)
(1.9 0.1 1)
(1.9125 0.1 1)
(1.925 0.1 1)
(1.9375 0.1 1)
(1.95 0.1 1)
(1.9625 0.1 1)
(1.975 0.1 1)
(1.9875 0.1 1)
(2 0.1 1)
)


// ************************************************************************* //
