/*--------------------------------*- C++ -*----------------------------------*\
| =========                 |                                                 |
| \\      /  F ield         | OpenFOAM: The Open Source CFD Toolbox           |
|  \\    /   O peration     | Version:  v1912                                 |
|   \\  /    A nd           | Website:  www.openfoam.com                      |
|    \\/     M anipulation  |                                                 |
\*---------------------------------------------------------------------------*/
FoamFile
{
    version     2.0;
    format      ascii;
    class       volVectorField;
    location    "1";
    object      D;
}
// * * * * * * * * * * * * * * * * * * * * * * * * * * * * * * * * * * * * * //

dimensions      [0 1 0 0 0 0 0];


internalField   nonuniform List<vector> 
2560
(
(-3.49847e-06 -2.80035e-06 0)
(-9.36863e-06 -5.36733e-06 0)
(-1.56133e-05 -9.0986e-06 0)
(-2.16971e-05 -1.42692e-05 0)
(-2.78516e-05 -2.10341e-05 0)
(-3.39585e-05 -2.94222e-05 0)
(-4.005e-05 -3.9439e-05 0)
(-4.61015e-05 -5.1076e-05 0)
(-5.21182e-05 -6.43241e-05 0)
(-5.80951e-05 -7.9172e-05 0)
(-6.40333e-05 -9.56092e-05 0)
(-6.99319e-05 -0.000113625 0)
(-7.5791e-05 -0.000133208 0)
(-8.16105e-05 -0.000154349 0)
(-8.73905e-05 -0.000177036 0)
(-9.31308e-05 -0.000201259 0)
(-9.88316e-05 -0.000227008 0)
(-0.000104493 -0.000254272 0)
(-0.000110114 -0.00028304 0)
(-0.000115697 -0.000313302 0)
(-0.000121239 -0.000345047 0)
(-0.000126742 -0.000378265 0)
(-0.000132206 -0.000412945 0)
(-0.00013763 -0.000449077 0)
(-0.000143014 -0.00048665 0)
(-0.000148361 -0.000525653 0)
(-0.000153663 -0.000566079 0)
(-0.000158929 -0.000607906 0)
(-0.000164154 -0.00065112 0)
(-0.000169317 -0.000695748 0)
(-0.000174465 -0.000741752 0)
(-0.000179562 -0.00078911 0)
(-0.000184629 -0.000837827 0)
(-0.000189652 -0.000887887 0)
(-0.000194638 -0.000939283 0)
(-0.000199582 -0.000992002 0)
(-0.000204488 -0.00104603 0)
(-0.000209354 -0.00110137 0)
(-0.00021418 -0.00115799 0)
(-0.000218968 -0.0012159 0)
(-0.000223716 -0.00127508 0)
(-0.000228425 -0.00133552 0)
(-0.000233095 -0.00139721 0)
(-0.000237725 -0.00146014 0)
(-0.000242315 -0.0015243 0)
(-0.000246865 -0.00158968 0)
(-0.000251376 -0.00165626 0)
(-0.000255848 -0.00172404 0)
(-0.000260281 -0.00179301 0)
(-0.000264675 -0.00186316 0)
(-0.000269029 -0.00193447 0)
(-0.000273343 -0.00200694 0)
(-0.000277618 -0.00208055 0)
(-0.000281854 -0.0021553 0)
(-0.000286049 -0.00223117 0)
(-0.000290205 -0.00230816 0)
(-0.000294322 -0.00238625 0)
(-0.000298398 -0.00246543 0)
(-0.000302435 -0.0025457 0)
(-0.000306431 -0.00262703 0)
(-0.000310388 -0.00270942 0)
(-0.000314306 -0.00279286 0)
(-0.000318185 -0.00287735 0)
(-0.000322024 -0.00296286 0)
(-0.000325823 -0.00304939 0)
(-0.000329583 -0.00313693 0)
(-0.000333303 -0.00322546 0)
(-0.000336983 -0.00331498 0)
(-0.000340624 -0.00340548 0)
(-0.000344226 -0.00349695 0)
(-0.000347787 -0.00358937 0)
(-0.00035131 -0.00368273 0)
(-0.000354792 -0.00377703 0)
(-0.000358235 -0.00387225 0)
(-0.000361639 -0.00396838 0)
(-0.000365003 -0.00406542 0)
(-0.000368327 -0.00416335 0)
(-0.000371612 -0.00426215 0)
(-0.000374857 -0.00436183 0)
(-0.000378063 -0.00446237 0)
(-0.000381229 -0.00456376 0)
(-0.000384356 -0.00466599 0)
(-0.000387443 -0.00476905 0)
(-0.000390491 -0.00487293 0)
(-0.000393498 -0.00497761 0)
(-0.000396467 -0.00508309 0)
(-0.000399396 -0.00518935 0)
(-0.000402285 -0.00529639 0)
(-0.000405134 -0.0054042 0)
(-0.000407945 -0.00551276 0)
(-0.000410715 -0.00562207 0)
(-0.000413445 -0.00573211 0)
(-0.000416136 -0.00584287 0)
(-0.000418785 -0.00595434 0)
(-0.000421398 -0.00606651 0)
(-0.000423968 -0.00617938 0)
(-0.0004265 -0.00629293 0)
(-0.00042899 -0.00640715 0)
(-0.000431444 -0.00652202 0)
(-0.000433856 -0.00663755 0)
(-0.000436234 -0.00675371 0)
(-0.000438567 -0.00687051 0)
(-0.000440872 -0.00698792 0)
(-0.000443128 -0.00710593 0)
(-0.000445342 -0.00722454 0)
(-0.00044752 -0.00734374 0)
(-0.000449654 -0.00746352 0)
(-0.000451755 -0.00758385 0)
(-0.000453806 -0.00770475 0)
(-0.000455846 -0.00782619 0)
(-0.000457821 -0.00794816 0)
(-0.000459755 -0.00807065 0)
(-0.000461654 -0.00819365 0)
(-0.000463511 -0.00831716 0)
(-0.00046533 -0.00844115 0)
(-0.000467109 -0.00856563 0)
(-0.000468849 -0.00869057 0)
(-0.000470549 -0.00881598 0)
(-0.00047221 -0.00894183 0)
(-0.000473831 -0.00906812 0)
(-0.000475413 -0.00919483 0)
(-0.000476955 -0.00932196 0)
(-0.000478456 -0.0094495 0)
(-0.000479922 -0.00957744 0)
(-0.00048134 -0.00970576 0)
(-0.000482739 -0.00983445 0)
(-0.000484081 -0.00996351 0)
(-0.000485383 -0.0100929 0)
(-0.000486647 -0.0102227 0)
(-0.000487871 -0.0103528 0)
(-0.000489057 -0.0104832 0)
(-0.000490203 -0.0106139 0)
(-0.00049131 -0.0107449 0)
(-0.000492378 -0.0108762 0)
(-0.000493406 -0.0110078 0)
(-0.000494395 -0.0111397 0)
(-0.000495343 -0.0112718 0)
(-0.000496253 -0.0114041 0)
(-0.000497123 -0.0115367 0)
(-0.000497953 -0.0116696 0)
(-0.000498744 -0.0118026 0)
(-0.000499495 -0.0119359 0)
(-0.000500207 -0.0120693 0)
(-0.000500879 -0.0122029 0)
(-0.000501511 -0.0123367 0)
(-0.000502104 -0.0124707 0)
(-0.000502657 -0.0126048 0)
(-0.000503171 -0.0127391 0)
(-0.000503645 -0.0128735 0)
(-0.000504079 -0.013008 0)
(-0.000504474 -0.0131426 0)
(-0.00050483 -0.0132773 0)
(-0.000505146 -0.0134121 0)
(-0.000505422 -0.013547 0)
(-0.00050566 -0.013682 0)
(-0.000505859 -0.013817 0)
(-0.00050602 -0.0139521 0)
(-0.000506146 -0.0140872 0)
(-0.000506238 -0.0142223 0)
(-0.000506309 -0.0143575 0)
(-2.58041e-06 -1.68848e-06 0)
(-7.91619e-06 -4.10364e-06 0)
(-1.33709e-05 -7.81832e-06 0)
(-1.87126e-05 -1.29956e-05 0)
(-2.407e-05 -1.97611e-05 0)
(-2.93752e-05 -2.81564e-05 0)
(-3.46593e-05 -3.81794e-05 0)
(-3.99058e-05 -4.98243e-05 0)
(-4.51209e-05 -6.30802e-05 0)
(-5.03011e-05 -7.79363e-05 0)
(-5.54476e-05 -9.43816e-05 0)
(-6.05597e-05 -0.000112405 0)
(-6.56376e-05 -0.000131997 0)
(-7.06811e-05 -0.000153146 0)
(-7.56904e-05 -0.000175841 0)
(-8.06654e-05 -0.000200073 0)
(-8.56061e-05 -0.00022583 0)
(-9.05125e-05 -0.000253102 0)
(-9.53846e-05 -0.000281878 0)
(-0.000100222 -0.000312148 0)
(-0.000105026 -0.000343902 0)
(-0.000109795 -0.000377128 0)
(-0.00011453 -0.000411816 0)
(-0.000119231 -0.000447956 0)
(-0.000123897 -0.000485537 0)
(-0.000128532 -0.000524548 0)
(-0.000133129 -0.000564984 0)
(-0.000137699 -0.000606817 0)
(-0.000142233 -0.000650039 0)
(-0.000146684 -0.000694681 0)
(-0.000151152 -0.000740691 0)
(-0.00015557 -0.000788056 0)
(-0.000159962 -0.00083678 0)
(-0.000164316 -0.000886849 0)
(-0.000168637 -0.000938253 0)
(-0.000172922 -0.00099098 0)
(-0.000177174 -0.00104502 0)
(-0.000181391 -0.00110036 0)
(-0.000185575 -0.00115699 0)
(-0.000189724 -0.00121491 0)
(-0.000193839 -0.0012741 0)
(-0.00019792 -0.00133455 0)
(-0.000201967 -0.00139624 0)
(-0.00020598 -0.00145918 0)
(-0.000209958 -0.00152335 0)
(-0.000213902 -0.00158874 0)
(-0.000217812 -0.00165533 0)
(-0.000221688 -0.00172312 0)
(-0.00022553 -0.0017921 0)
(-0.000229338 -0.00186225 0)
(-0.000233111 -0.00193357 0)
(-0.00023685 -0.00200605 0)
(-0.000240555 -0.00207967 0)
(-0.000244226 -0.00215443 0)
(-0.000247862 -0.00223031 0)
(-0.000251464 -0.0023073 0)
(-0.000255032 -0.0023854 0)
(-0.000258565 -0.00246459 0)
(-0.000262063 -0.00254486 0)
(-0.000265527 -0.0026262 0)
(-0.000268957 -0.00270861 0)
(-0.000272353 -0.00279206 0)
(-0.000275714 -0.00287655 0)
(-0.000279041 -0.00296207 0)
(-0.000282334 -0.0030486 0)
(-0.000285592 -0.00313615 0)
(-0.000288816 -0.00322469 0)
(-0.000292006 -0.00331423 0)
(-0.000295161 -0.00340473 0)
(-0.000298283 -0.0034962 0)
(-0.000301369 -0.00358863 0)
(-0.000304422 -0.003682 0)
(-0.00030744 -0.00377631 0)
(-0.000310424 -0.00387154 0)
(-0.000313374 -0.00396768 0)
(-0.000316289 -0.00406472 0)
(-0.000319171 -0.00416266 0)
(-0.000322017 -0.00426148 0)
(-0.00032483 -0.00436117 0)
(-0.000327608 -0.00446171 0)
(-0.000330352 -0.00456311 0)
(-0.000333062 -0.00466535 0)
(-0.000335738 -0.00476841 0)
(-0.000338379 -0.0048723 0)
(-0.000340986 -0.00497699 0)
(-0.000343558 -0.00508248 0)
(-0.000346096 -0.00518875 0)
(-0.0003486 -0.0052958 0)
(-0.00035107 -0.00540361 0)
(-0.000353506 -0.00551218 0)
(-0.000355906 -0.0056215 0)
(-0.000358273 -0.00573154 0)
(-0.000360605 -0.00584231 0)
(-0.000362903 -0.00595379 0)
(-0.000365166 -0.00606597 0)
(-0.000367391 -0.00617885 0)
(-0.000369586 -0.00629241 0)
(-0.000371744 -0.00640663 0)
(-0.000373871 -0.00652152 0)
(-0.000375961 -0.00663705 0)
(-0.000378022 -0.00675322 0)
(-0.000380041 -0.00687003 0)
(-0.000382049 -0.00698745 0)
(-0.000384001 -0.00710547 0)
(-0.000385918 -0.00722409 0)
(-0.000387804 -0.0073433 0)
(-0.000389652 -0.00746308 0)
(-0.000391472 -0.00758342 0)
(-0.00039324 -0.00770433 0)
(-0.00039501 -0.00782577 0)
(-0.000396742 -0.00794775 0)
(-0.000398408 -0.00807025 0)
(-0.000400054 -0.00819326 0)
(-0.000401663 -0.00831678 0)
(-0.00040324 -0.00844078 0)
(-0.000404782 -0.00856526 0)
(-0.00040629 -0.00869022 0)
(-0.000407763 -0.00881563 0)
(-0.000409202 -0.00894149 0)
(-0.000410608 -0.00906778 0)
(-0.000411978 -0.00919451 0)
(-0.000413315 -0.00932165 0)
(-0.000414615 -0.0094492 0)
(-0.000415885 -0.00957714 0)
(-0.000417107 -0.00970546 0)
(-0.000418322 -0.00983417 0)
(-0.000419497 -0.00996323 0)
(-0.000420618 -0.0100927 0)
(-0.000421715 -0.0102224 0)
(-0.000422775 -0.0103525 0)
(-0.000423803 -0.0104829 0)
(-0.000424797 -0.0106137 0)
(-0.000425756 -0.0107447 0)
(-0.000426681 -0.010876 0)
(-0.000427572 -0.0110076 0)
(-0.000428429 -0.0111395 0)
(-0.000429251 -0.0112716 0)
(-0.00043004 -0.011404 0)
(-0.000430794 -0.0115366 0)
(-0.000431513 -0.0116694 0)
(-0.000432199 -0.0118024 0)
(-0.00043285 -0.0119357 0)
(-0.000433466 -0.0120692 0)
(-0.000434049 -0.0122028 0)
(-0.000434597 -0.0123366 0)
(-0.00043511 -0.0124706 0)
(-0.00043559 -0.0126047 0)
(-0.000436035 -0.012739 0)
(-0.000436446 -0.0128734 0)
(-0.000436823 -0.0130079 0)
(-0.000437165 -0.0131425 0)
(-0.000437473 -0.0132773 0)
(-0.000437747 -0.0134121 0)
(-0.000437986 -0.013547 0)
(-0.000438192 -0.0136819 0)
(-0.000438363 -0.013817 0)
(-0.000438501 -0.013952 0)
(-0.000438605 -0.0140872 0)
(-0.000438674 -0.0142223 0)
(-0.000438711 -0.0143575 0)
(-2.02796e-06 -9.79387e-07 0)
(-6.54248e-06 -3.10915e-06 0)
(-1.11875e-05 -6.77905e-06 0)
(-1.57525e-05 -1.19514e-05 0)
(-2.03086e-05 -1.87248e-05 0)
(-2.48104e-05 -2.71291e-05 0)
(-2.92874e-05 -3.71598e-05 0)
(-3.37292e-05 -4.88122e-05 0)
(-3.81431e-05 -6.20749e-05 0)
(-4.25267e-05 -7.69378e-05 0)
(-4.68816e-05 -9.33897e-05 0)
(-5.12072e-05 -0.00011142 0)
(-5.55039e-05 -0.000131018 0)
(-5.97715e-05 -0.000152174 0)
(-6.40101e-05 -0.000174876 0)
(-6.82197e-05 -0.000199114 0)
(-7.24003e-05 -0.000224878 0)
(-7.65518e-05 -0.000252156 0)
(-8.06744e-05 -0.000280939 0)
(-8.47679e-05 -0.000311216 0)
(-8.88324e-05 -0.000342976 0)
(-9.2868e-05 -0.000376209 0)
(-9.68744e-05 -0.000410904 0)
(-0.000100853 -0.00044705 0)
(-0.0001048 -0.000484638 0)
(-0.000108724 -0.000523655 0)
(-0.000112611 -0.000564094 0)
(-0.000116507 -0.000605937 0)
(-0.000120293 -0.000649181 0)
(-0.000124046 -0.000693819 0)
(-0.000127856 -0.000739829 0)
(-0.000131595 -0.000787204 0)
(-0.000135315 -0.000835934 0)
(-0.000138999 -0.00088601 0)
(-0.000142656 -0.000937421 0)
(-0.000146282 -0.000990155 0)
(-0.00014988 -0.0010442 0)
(-0.000153449 -0.00109955 0)
(-0.000156988 -0.00115619 0)
(-0.000160499 -0.00121411 0)
(-0.000163981 -0.0012733 0)
(-0.000167435 -0.00133376 0)
(-0.000170859 -0.00139546 0)
(-0.000174255 -0.00145841 0)
(-0.000177621 -0.00152259 0)
(-0.000180958 -0.00158798 0)
(-0.000184267 -0.00165458 0)
(-0.000187547 -0.00172237 0)
(-0.000190798 -0.00179136 0)
(-0.00019402 -0.00186152 0)
(-0.000197213 -0.00193285 0)
(-0.000200377 -0.00200533 0)
(-0.000203512 -0.00207896 0)
(-0.000206618 -0.00215372 0)
(-0.000209695 -0.00222961 0)
(-0.000212743 -0.00230661 0)
(-0.000215761 -0.00238471 0)
(-0.000218751 -0.00246391 0)
(-0.000221712 -0.00254419 0)
(-0.000224643 -0.00262554 0)
(-0.000227545 -0.00270795 0)
(-0.000230418 -0.0027914 0)
(-0.000233263 -0.0028759 0)
(-0.000236078 -0.00296143 0)
(-0.000238864 -0.00304797 0)
(-0.000241621 -0.00313552 0)
(-0.000244349 -0.00322407 0)
(-0.000247048 -0.00331361 0)
(-0.000249718 -0.00340412 0)
(-0.000252359 -0.0034956 0)
(-0.000254971 -0.00358804 0)
(-0.000257554 -0.00368142 0)
(-0.000260108 -0.00377573 0)
(-0.000262633 -0.00387096 0)
(-0.000265129 -0.00396711 0)
(-0.000267596 -0.00406416 0)
(-0.000270034 -0.00416211 0)
(-0.000272443 -0.00426093 0)
(-0.000274822 -0.00436062 0)
(-0.000277173 -0.00446118 0)
(-0.000279495 -0.00456258 0)
(-0.000281788 -0.00466483 0)
(-0.000284052 -0.0047679 0)
(-0.000286287 -0.00487179 0)
(-0.000288492 -0.00497649 0)
(-0.000290669 -0.00508198 0)
(-0.000292817 -0.00518826 0)
(-0.000294936 -0.00529532 0)
(-0.000297025 -0.00540314 0)
(-0.000299086 -0.00551172 0)
(-0.000301118 -0.00562104 0)
(-0.000303121 -0.00573109 0)
(-0.000305095 -0.00584187 0)
(-0.00030704 -0.00595335 0)
(-0.000308954 -0.00606554 0)
(-0.000310832 -0.00617842 0)
(-0.000312691 -0.00629199 0)
(-0.000314517 -0.00640622 0)
(-0.000316317 -0.00652111 0)
(-0.000318084 -0.00663665 0)
(-0.000319828 -0.00675283 0)
(-0.000321523 -0.00686964 0)
(-0.000323228 -0.00698706 0)
(-0.000324903 -0.0071051 0)
(-0.000326511 -0.00722372 0)
(-0.000328109 -0.00734294 0)
(-0.000329672 -0.00746272 0)
(-0.000331211 -0.00758308 0)
(-0.000332716 -0.00770398 0)
(-0.000334194 -0.00782543 0)
(-0.000335661 -0.00794742 0)
(-0.000337079 -0.00806993 0)
(-0.000338473 -0.00819295 0)
(-0.000339835 -0.00831647 0)
(-0.000341169 -0.00844048 0)
(-0.000342474 -0.00856497 0)
(-0.00034375 -0.00868993 0)
(-0.000344997 -0.00881535 0)
(-0.000346215 -0.00894121 0)
(-0.000347404 -0.00906752 0)
(-0.000348563 -0.00919425 0)
(-0.000349695 -0.00932139 0)
(-0.000350796 -0.00944895 0)
(-0.000351869 -0.0095769 0)
(-0.00035291 -0.00970523 0)
(-0.000353924 -0.00983393 0)
(-0.000354917 -0.00996301 0)
(-0.000355871 -0.0100924 0)
(-0.000356801 -0.0102222 0)
(-0.000357699 -0.0103523 0)
(-0.000358569 -0.0104827 0)
(-0.00035941 -0.0106135 0)
(-0.000360222 -0.0107445 0)
(-0.000361004 -0.0108758 0)
(-0.000361758 -0.0110074 0)
(-0.000362483 -0.0111393 0)
(-0.000363179 -0.0112714 0)
(-0.000363846 -0.0114038 0)
(-0.000364484 -0.0115364 0)
(-0.000365093 -0.0116693 0)
(-0.000365673 -0.0118023 0)
(-0.000366224 -0.0119356 0)
(-0.000366746 -0.012069 0)
(-0.000367238 -0.0122027 0)
(-0.000367702 -0.0123365 0)
(-0.000368137 -0.0124705 0)
(-0.000368543 -0.0126046 0)
(-0.000368919 -0.0127389 0)
(-0.000369267 -0.0128733 0)
(-0.000369586 -0.0130078 0)
(-0.000369875 -0.0131425 0)
(-0.000370136 -0.0132772 0)
(-0.000370368 -0.013412 0)
(-0.00037057 -0.0135469 0)
(-0.000370744 -0.0136819 0)
(-0.000370888 -0.0138169 0)
(-0.000371002 -0.013952 0)
(-0.000371085 -0.0140871 0)
(-0.000371137 -0.0142223 0)
(-0.000371161 -0.0143575 0)
(-1.60117e-06 -4.45844e-07 0)
(-5.25121e-06 -2.29076e-06 0)
(-9.06163e-06 -5.8851e-06 0)
(-1.28251e-05 -1.1046e-05 0)
(-1.65701e-05 -1.78253e-05 0)
(-2.02649e-05 -2.62385e-05 0)
(-2.39335e-05 -3.62769e-05 0)
(-2.75705e-05 -4.79365e-05 0)
(-3.11831e-05 -6.12055e-05 0)
(-3.47702e-05 -7.60745e-05 0)
(-3.83335e-05 -9.25323e-05 0)
(-4.18727e-05 -0.000110569 0)
(-4.53882e-05 -0.000130173 0)
(-4.88799e-05 -0.000151334 0)
(-5.23478e-05 -0.000174042 0)
(-5.5792e-05 -0.000198285 0)
(-5.92125e-05 -0.000224055 0)
(-6.26092e-05 -0.000251339 0)
(-6.59821e-05 -0.000280128 0)
(-6.93314e-05 -0.00031041 0)
(-7.26568e-05 -0.000342176 0)
(-7.59587e-05 -0.000375415 0)
(-7.92365e-05 -0.000410115 0)
(-8.24911e-05 -0.000446268 0)
(-8.57207e-05 -0.00048386 0)
(-8.89294e-05 -0.000522884 0)
(-9.2107e-05 -0.000563325 0)
(-9.52746e-05 -0.000605181 0)
(-9.83701e-05 -0.000648442 0)
(-0.000101486 -0.000693071 0)
(-0.000104581 -0.000739082 0)
(-0.000107644 -0.000786467 0)
(-0.000110686 -0.000835203 0)
(-0.000113701 -0.000885285 0)
(-0.000116693 -0.000936702 0)
(-0.00011966 -0.000989442 0)
(-0.000122604 -0.00104349 0)
(-0.000125524 -0.00109885 0)
(-0.00012842 -0.00115549 0)
(-0.000131293 -0.00121342 0)
(-0.000134142 -0.00127262 0)
(-0.000136967 -0.00133308 0)
(-0.000139769 -0.00139479 0)
(-0.000142548 -0.00145774 0)
(-0.000145302 -0.00152193 0)
(-0.000148033 -0.00158732 0)
(-0.00015074 -0.00165393 0)
(-0.000153425 -0.00172173 0)
(-0.000156085 -0.00179072 0)
(-0.000158721 -0.00186088 0)
(-0.000161333 -0.00193222 0)
(-0.000163922 -0.00200471 0)
(-0.000166487 -0.00207834 0)
(-0.000169028 -0.00215311 0)
(-0.000171545 -0.002229 0)
(-0.000174039 -0.00230601 0)
(-0.000176509 -0.00238412 0)
(-0.000178956 -0.00246332 0)
(-0.000181378 -0.00254361 0)
(-0.000183776 -0.00262496 0)
(-0.000186151 -0.00270737 0)
(-0.000188502 -0.00279084 0)
(-0.00019083 -0.00287534 0)
(-0.000193133 -0.00296087 0)
(-0.000195413 -0.00304742 0)
(-0.000197668 -0.00313498 0)
(-0.0001999 -0.00322354 0)
(-0.000202109 -0.00331308 0)
(-0.000204293 -0.0034036 0)
(-0.000206454 -0.00349508 0)
(-0.000208591 -0.00358752 0)
(-0.000210704 -0.00368091 0)
(-0.000212794 -0.00377523 0)
(-0.00021486 -0.00387047 0)
(-0.000216902 -0.00396662 0)
(-0.00021892 -0.00406368 0)
(-0.000220915 -0.00416163 0)
(-0.000222886 -0.00426046 0)
(-0.000224833 -0.00436016 0)
(-0.000226756 -0.00446072 0)
(-0.000228656 -0.00456213 0)
(-0.000230532 -0.00466438 0)
(-0.000232384 -0.00476746 0)
(-0.000234213 -0.00487135 0)
(-0.000236017 -0.00497605 0)
(-0.000237798 -0.00508155 0)
(-0.000239556 -0.00518784 0)
(-0.000241289 -0.0052949 0)
(-0.000242999 -0.00540273 0)
(-0.000244685 -0.00551131 0)
(-0.000246347 -0.00562064 0)
(-0.000247987 -0.0057307 0)
(-0.000249602 -0.00584148 0)
(-0.000251197 -0.00595297 0)
(-0.000252767 -0.00606516 0)
(-0.000254291 -0.00617805 0)
(-0.000255815 -0.00629163 0)
(-0.000257308 -0.00640586 0)
(-0.000258781 -0.00652076 0)
(-0.000260228 -0.0066363 0)
(-0.000261653 -0.00675249 0)
(-0.00026305 -0.0068693 0)
(-0.000264425 -0.00698673 0)
(-0.000265796 -0.00710477 0)
(-0.000267121 -0.0072234 0)
(-0.000268429 -0.00734262 0)
(-0.00026971 -0.00746242 0)
(-0.000270969 -0.00758278 0)
(-0.000272202 -0.00770369 0)
(-0.000273414 -0.00782514 0)
(-0.000274607 -0.00794714 0)
(-0.000275769 -0.00806965 0)
(-0.00027691 -0.00819268 0)
(-0.000278025 -0.0083162 0)
(-0.000279117 -0.00844022 0)
(-0.000280184 -0.00856471 0)
(-0.000281228 -0.00868968 0)
(-0.000282249 -0.0088151 0)
(-0.000283245 -0.00894097 0)
(-0.000284218 -0.00906728 0)
(-0.000285167 -0.00919402 0)
(-0.000286092 -0.00932117 0)
(-0.000286993 -0.00944873 0)
(-0.000287872 -0.00957669 0)
(-0.000288724 -0.00970503 0)
(-0.000289558 -0.00983374 0)
(-0.000290359 -0.00996281 0)
(-0.000291143 -0.0100923 0)
(-0.000291905 -0.010222 0)
(-0.00029264 -0.0103521 0)
(-0.000293353 -0.0104826 0)
(-0.000294041 -0.0106133 0)
(-0.000294705 -0.0107443 0)
(-0.000295345 -0.0108757 0)
(-0.000295962 -0.0110073 0)
(-0.000296555 -0.0111392 0)
(-0.000297125 -0.0112713 0)
(-0.000297671 -0.0114037 0)
(-0.000298193 -0.0115363 0)
(-0.000298691 -0.0116691 0)
(-0.000299165 -0.0118022 0)
(-0.000299616 -0.0119355 0)
(-0.000300043 -0.0120689 0)
(-0.000300446 -0.0122026 0)
(-0.000300826 -0.0123364 0)
(-0.000301181 -0.0124704 0)
(-0.000301513 -0.0126045 0)
(-0.000301822 -0.0127388 0)
(-0.000302106 -0.0128732 0)
(-0.000302367 -0.0130078 0)
(-0.000302604 -0.0131424 0)
(-0.000302817 -0.0132772 0)
(-0.000303006 -0.013412 0)
(-0.000303172 -0.0135469 0)
(-0.000303313 -0.0136819 0)
(-0.00030343 -0.0138169 0)
(-0.000303521 -0.013952 0)
(-0.000303587 -0.0140871 0)
(-0.000303625 -0.0142223 0)
(-0.000303644 -0.0143575 0)
(-1.22333e-06 -9.07389e-08 0)
(-4.02166e-06 -1.67775e-06 0)
(-6.99006e-06 -5.18967e-06 0)
(-9.93202e-06 -1.03334e-05 0)
(-1.28567e-05 -1.71176e-05 0)
(-1.57384e-05 -2.55391e-05 0)
(-1.8596e-05 -3.5585e-05 0)
(-2.14269e-05 -4.7251e-05 0)
(-2.42377e-05 -6.05255e-05 0)
(-2.70281e-05 -7.53994e-05 0)
(-2.97997e-05 -9.18619e-05 0)
(-3.25525e-05 -0.000109903 0)
(-3.52867e-05 -0.000129511 0)
(-3.80025e-05 -0.000150677 0)
(-4.06998e-05 -0.000173389 0)
(-4.33786e-05 -0.000197638 0)
(-4.60389e-05 -0.000223411 0)
(-4.86808e-05 -0.0002507 0)
(-5.13042e-05 -0.000279494 0)
(-5.39091e-05 -0.000309781 0)
(-5.64955e-05 -0.000341551 0)
(-5.90636e-05 -0.000374794 0)
(-6.16129e-05 -0.000409499 0)
(-6.41442e-05 -0.000445656 0)
(-6.66557e-05 -0.000483253 0)
(-6.9151e-05 -0.000522282 0)
(-7.1622e-05 -0.000562729 0)
(-7.40817e-05 -0.000604591 0)
(-7.6504e-05 -0.000647849 0)
(-7.89203e-05 -0.000692484 0)
(-8.13241e-05 -0.000738503 0)
(-8.37058e-05 -0.00078589 0)
(-8.60721e-05 -0.000834631 0)
(-8.84175e-05 -0.000884718 0)
(-9.0745e-05 -0.000936139 0)
(-9.30527e-05 -0.000988884 0)
(-9.53422e-05 -0.00104294 0)
(-9.76134e-05 -0.0010983 0)
(-9.98661e-05 -0.00115495 0)
(-0.0001021 -0.00121288 0)
(-0.000104316 -0.00127208 0)
(-0.000106514 -0.00133255 0)
(-0.000108693 -0.00139426 0)
(-0.000110855 -0.00145722 0)
(-0.000112997 -0.00152141 0)
(-0.000115121 -0.00158681 0)
(-0.000117228 -0.00165342 0)
(-0.000119316 -0.00172122 0)
(-0.000121385 -0.00179022 0)
(-0.000123436 -0.00186039 0)
(-0.000125468 -0.00193173 0)
(-0.000127481 -0.00200422 0)
(-0.000129476 -0.00207786 0)
(-0.000131452 -0.00215263 0)
(-0.00013341 -0.00222853 0)
(-0.00013535 -0.00230554 0)
(-0.000137271 -0.00238366 0)
(-0.000139175 -0.00246286 0)
(-0.000141059 -0.00254315 0)
(-0.000142924 -0.00262451 0)
(-0.000144771 -0.00270693 0)
(-0.000146601 -0.0027904 0)
(-0.000148411 -0.0028749 0)
(-0.000150202 -0.00296044 0)
(-0.000151975 -0.003047 0)
(-0.00015373 -0.00313456 0)
(-0.000155466 -0.00322312 0)
(-0.000157183 -0.00331267 0)
(-0.000158882 -0.00340319 0)
(-0.000160563 -0.00349468 0)
(-0.000162225 -0.00358712 0)
(-0.000163869 -0.00368051 0)
(-0.000165494 -0.00377483 0)
(-0.0001671 -0.00387008 0)
(-0.000168689 -0.00396624 0)
(-0.000170259 -0.0040633 0)
(-0.00017181 -0.00416125 0)
(-0.000173343 -0.00426009 0)
(-0.000174857 -0.00435979 0)
(-0.000176353 -0.00446036 0)
(-0.000177831 -0.00456177 0)
(-0.00017929 -0.00466403 0)
(-0.000180731 -0.00476711 0)
(-0.000182153 -0.00487101 0)
(-0.000183556 -0.00497572 0)
(-0.000184942 -0.00508122 0)
(-0.000186308 -0.00518751 0)
(-0.000187657 -0.00529458 0)
(-0.000188986 -0.00540241 0)
(-0.000190298 -0.005511 0)
(-0.000191591 -0.00562033 0)
(-0.000192868 -0.00573039 0)
(-0.000194122 -0.00584118 0)
(-0.000195377 -0.00595267 0)
(-0.000196573 -0.00606487 0)
(-0.000197751 -0.00617777 0)
(-0.000198951 -0.00629134 0)
(-0.000200112 -0.00640558 0)
(-0.00020126 -0.00652048 0)
(-0.000202385 -0.00663603 0)
(-0.000203494 -0.00675222 0)
(-0.000204583 -0.00686904 0)
(-0.000205655 -0.00698647 0)
(-0.000206715 -0.00710451 0)
(-0.000207748 -0.00722316 0)
(-0.000208765 -0.00734238 0)
(-0.000209761 -0.00746218 0)
(-0.000210741 -0.00758254 0)
(-0.000211701 -0.00770346 0)
(-0.000212643 -0.00782492 0)
(-0.000213569 -0.00794692 0)
(-0.000214474 -0.00806943 0)
(-0.000215362 -0.00819246 0)
(-0.000216229 -0.00831599 0)
(-0.000217079 -0.00844001 0)
(-0.000217909 -0.00856451 0)
(-0.000218721 -0.00868948 0)
(-0.000219515 -0.00881491 0)
(-0.00022029 -0.00894079 0)
(-0.000221046 -0.0090671 0)
(-0.000221784 -0.00919384 0)
(-0.000222504 -0.009321 0)
(-0.000223205 -0.00944856 0)
(-0.00022389 -0.00957652 0)
(-0.000224553 -0.00970487 0)
(-0.000225209 -0.00983358 0)
(-0.000225827 -0.00996267 0)
(-0.000226423 -0.0100921 0)
(-0.000227025 -0.0102219 0)
(-0.000227596 -0.010352 0)
(-0.000228151 -0.0104824 0)
(-0.000228686 -0.0106132 0)
(-0.000229203 -0.0107442 0)
(-0.000229701 -0.0108755 0)
(-0.00023018 -0.0110072 0)
(-0.000230641 -0.011139 0)
(-0.000231084 -0.0112712 0)
(-0.00023151 -0.0114036 0)
(-0.000231916 -0.0115362 0)
(-0.000232303 -0.011669 0)
(-0.000232672 -0.0118021 0)
(-0.000233023 -0.0119354 0)
(-0.000233355 -0.0120689 0)
(-0.000233668 -0.0122025 0)
(-0.000233963 -0.0123363 0)
(-0.00023424 -0.0124703 0)
(-0.000234498 -0.0126045 0)
(-0.000234738 -0.0127388 0)
(-0.000234959 -0.0128732 0)
(-0.000235162 -0.0130077 0)
(-0.000235346 -0.0131424 0)
(-0.000235512 -0.0132771 0)
(-0.000235659 -0.013412 0)
(-0.000235788 -0.0135469 0)
(-0.000235898 -0.0136819 0)
(-0.000235988 -0.0138169 0)
(-0.000236058 -0.013952 0)
(-0.000236107 -0.0140871 0)
(-0.000236134 -0.0142223 0)
(-0.000236149 -0.0143575 0)
(-8.64732e-07 1.55596e-07 0)
(-2.84037e-06 -1.22807e-06 0)
(-4.96151e-06 -4.66362e-06 0)
(-7.06991e-06 -9.79035e-06 0)
(-9.16533e-06 -1.6577e-05 0)
(-1.12284e-05 -2.5005e-05 0)
(-1.32722e-05 -3.50572e-05 0)
(-1.52956e-05 -4.67284e-05 0)
(-1.7304e-05 -6.00073e-05 0)
(-1.92974e-05 -7.48852e-05 0)
(-2.12772e-05 -9.13513e-05 0)
(-2.32435e-05 -0.000109396 0)
(-2.51966e-05 -0.000129008 0)
(-2.71364e-05 -0.000150177 0)
(-2.9063e-05 -0.000172892 0)
(-3.09764e-05 -0.000197144 0)
(-3.28766e-05 -0.000222922 0)
(-3.47637e-05 -0.000250214 0)
(-3.66375e-05 -0.00027901 0)
(-3.84981e-05 -0.000309301 0)
(-4.03455e-05 -0.000341075 0)
(-4.21798e-05 -0.000374321 0)
(-4.40006e-05 -0.00040903 0)
(-4.58084e-05 -0.00044519 0)
(-4.7602e-05 -0.000482791 0)
(-4.93836e-05 -0.000521823 0)
(-5.11478e-05 -0.000562274 0)
(-5.29028e-05 -0.000604138 0)
(-5.46357e-05 -0.000647403 0)
(-5.63631e-05 -0.00069204 0)
(-5.80777e-05 -0.000738061 0)
(-5.97796e-05 -0.000785451 0)
(-6.14696e-05 -0.000834196 0)
(-6.31453e-05 -0.000884286 0)
(-6.48081e-05 -0.000935711 0)
(-6.64564e-05 -0.00098846 0)
(-6.80917e-05 -0.00104252 0)
(-6.97142e-05 -0.00109788 0)
(-7.13233e-05 -0.00115453 0)
(-7.29192e-05 -0.00121247 0)
(-7.4502e-05 -0.00127168 0)
(-7.60715e-05 -0.00133214 0)
(-7.76283e-05 -0.00139386 0)
(-7.91732e-05 -0.00145682 0)
(-8.07035e-05 -0.00152101 0)
(-8.22217e-05 -0.00158642 0)
(-8.37267e-05 -0.00165303 0)
(-8.52192e-05 -0.00172084 0)
(-8.6697e-05 -0.00178984 0)
(-8.81619e-05 -0.00186001 0)
(-8.96131e-05 -0.00193135 0)
(-9.10513e-05 -0.00200385 0)
(-9.24761e-05 -0.00207749 0)
(-9.3888e-05 -0.00215227 0)
(-9.52865e-05 -0.00222817 0)
(-9.66723e-05 -0.00230519 0)
(-9.80446e-05 -0.0023833 0)
(-9.94047e-05 -0.00246251 0)
(-0.000100751 -0.00254281 0)
(-0.000102084 -0.00262417 0)
(-0.000103403 -0.00270659 0)
(-0.00010471 -0.00279006 0)
(-0.000106003 -0.00287457 0)
(-0.000107283 -0.00296011 0)
(-0.000108549 -0.00304667 0)
(-0.000109802 -0.00313424 0)
(-0.000111042 -0.0032228 0)
(-0.000112269 -0.00331235 0)
(-0.000113483 -0.00340288 0)
(-0.000114683 -0.00349437 0)
(-0.00011587 -0.00358682 0)
(-0.000117044 -0.00368021 0)
(-0.000118205 -0.00377454 0)
(-0.000119353 -0.00386978 0)
(-0.000120487 -0.00396595 0)
(-0.000121608 -0.00406301 0)
(-0.000122717 -0.00416097 0)
(-0.000123811 -0.00425981 0)
(-0.000124893 -0.00435951 0)
(-0.000125962 -0.00446008 0)
(-0.000127017 -0.0045615 0)
(-0.000128059 -0.00466376 0)
(-0.000129088 -0.00476684 0)
(-0.000130104 -0.00487075 0)
(-0.000131107 -0.00497546 0)
(-0.000132096 -0.00508097 0)
(-0.000133072 -0.00518726 0)
(-0.000134036 -0.00529433 0)
(-0.000134985 -0.00540217 0)
(-0.000135922 -0.00551076 0)
(-0.000136846 -0.00562009 0)
(-0.000137757 -0.00573016 0)
(-0.000138652 -0.00584094 0)
(-0.00013954 -0.00595245 0)
(-0.000140391 -0.00606466 0)
(-0.000141252 -0.00617755 0)
(-0.0001421 -0.00629112 0)
(-0.000142931 -0.00640537 0)
(-0.00014375 -0.00652027 0)
(-0.000144554 -0.00663583 0)
(-0.000145346 -0.00675202 0)
(-0.000146125 -0.00686884 0)
(-0.000146891 -0.00698627 0)
(-0.000147646 -0.00710432 0)
(-0.000148385 -0.00722297 0)
(-0.000149112 -0.00734219 0)
(-0.000149824 -0.007462 0)
(-0.000150524 -0.00758236 0)
(-0.00015121 -0.00770328 0)
(-0.000151883 -0.00782475 0)
(-0.000152544 -0.00794675 0)
(-0.000153191 -0.00806927 0)
(-0.000153825 -0.0081923 0)
(-0.000154445 -0.00831583 0)
(-0.000155052 -0.00843986 0)
(-0.000155645 -0.00856436 0)
(-0.000156225 -0.00868934 0)
(-0.000156792 -0.00881477 0)
(-0.000157345 -0.00894065 0)
(-0.000157886 -0.00906696 0)
(-0.000158413 -0.00919371 0)
(-0.000158928 -0.00932087 0)
(-0.000159429 -0.00944844 0)
(-0.000159917 -0.0095764 0)
(-0.000160392 -0.00970475 0)
(-0.000160856 -0.00983347 0)
(-0.000161307 -0.00996256 0)
(-0.000161732 -0.010092 0)
(-0.000162157 -0.0102218 0)
(-0.000162564 -0.0103519 0)
(-0.000162961 -0.0104823 0)
(-0.000163343 -0.0106131 0)
(-0.000163712 -0.0107441 0)
(-0.000164067 -0.0108755 0)
(-0.00016441 -0.0110071 0)
(-0.000164739 -0.011139 0)
(-0.000165055 -0.0112711 0)
(-0.000165361 -0.0114035 0)
(-0.00016565 -0.0115361 0)
(-0.000165927 -0.011669 0)
(-0.00016619 -0.0118021 0)
(-0.00016644 -0.0119353 0)
(-0.000166678 -0.0120688 0)
(-0.000166902 -0.0122025 0)
(-0.000167112 -0.0123363 0)
(-0.00016731 -0.0124703 0)
(-0.000167494 -0.0126044 0)
(-0.000167666 -0.0127387 0)
(-0.000167824 -0.0128731 0)
(-0.000167969 -0.0130077 0)
(-0.0001681 -0.0131423 0)
(-0.000168219 -0.0132771 0)
(-0.000168324 -0.0134119 0)
(-0.000168416 -0.0135468 0)
(-0.000168494 -0.0136818 0)
(-0.000168558 -0.0138169 0)
(-0.000168607 -0.013952 0)
(-0.000168641 -0.0140871 0)
(-0.00016866 -0.0142223 0)
(-0.000168671 -0.0143574 0)
(-5.16015e-07 3.04117e-07 0)
(-1.69158e-06 -9.39397e-07 0)
(-2.96437e-06 -4.31852e-06 0)
(-4.23178e-06 -9.4313e-06 0)
(-5.49166e-06 -1.62191e-05 0)
(-6.7314e-06 -2.46517e-05 0)
(-7.95877e-06 -3.47084e-05 0)
(-9.17344e-06 -4.63835e-05 0)
(-1.03787e-05 -5.96654e-05 0)
(-1.15749e-05 -7.45459e-05 0)
(-1.27628e-05 -9.10145e-05 0)
(-1.39426e-05 -0.000109061 0)
(-1.51144e-05 -0.000128675 0)
(-1.62783e-05 -0.000149847 0)
(-1.74342e-05 -0.000172565 0)
(-1.85822e-05 -0.000196819 0)
(-1.97223e-05 -0.000222598 0)
(-2.08545e-05 -0.000249893 0)
(-2.19788e-05 -0.000278692 0)
(-2.30951e-05 -0.000308984 0)
(-2.42035e-05 -0.00034076 0)
(-2.5304e-05 -0.000374009 0)
(-2.63963e-05 -0.00040872 0)
(-2.74808e-05 -0.000444883 0)
(-2.85565e-05 -0.000482486 0)
(-2.9625e-05 -0.000521521 0)
(-3.06828e-05 -0.000561974 0)
(-3.17344e-05 -0.000603841 0)
(-3.27756e-05 -0.000647104 0)
(-3.38123e-05 -0.000691746 0)
(-3.48398e-05 -0.00073777 0)
(-3.58609e-05 -0.000785161 0)
(-3.68751e-05 -0.000833908 0)
(-3.7881e-05 -0.000884001 0)
(-3.88793e-05 -0.000935429 0)
(-3.98682e-05 -0.00098818 0)
(-4.08492e-05 -0.00104224 0)
(-4.18231e-05 -0.0010976 0)
(-4.27886e-05 -0.00115426 0)
(-4.3746e-05 -0.0012122 0)
(-4.46957e-05 -0.00127141 0)
(-4.5637e-05 -0.00133188 0)
(-4.65713e-05 -0.0013936 0)
(-4.74989e-05 -0.00145656 0)
(-4.8417e-05 -0.00152075 0)
(-4.93302e-05 -0.00158616 0)
(-5.02337e-05 -0.00165277 0)
(-5.11305e-05 -0.00172059 0)
(-5.20169e-05 -0.00178959 0)
(-5.28962e-05 -0.00185976 0)
(-5.37667e-05 -0.00193111 0)
(-5.46296e-05 -0.00200361 0)
(-5.54844e-05 -0.00207725 0)
(-5.63315e-05 -0.00215203 0)
(-5.71706e-05 -0.00222793 0)
(-5.80023e-05 -0.00230495 0)
(-5.88257e-05 -0.00238307 0)
(-5.96426e-05 -0.00246228 0)
(-6.0451e-05 -0.00254258 0)
(-6.12515e-05 -0.00262394 0)
(-6.20432e-05 -0.00270636 0)
(-6.28282e-05 -0.00278984 0)
(-6.36041e-05 -0.00287435 0)
(-6.43717e-05 -0.00295989 0)
(-6.51314e-05 -0.00304646 0)
(-6.5883e-05 -0.00313402 0)
(-6.66269e-05 -0.00322259 0)
(-6.73628e-05 -0.00331214 0)
(-6.80909e-05 -0.00340267 0)
(-6.88111e-05 -0.00349417 0)
(-6.95234e-05 -0.00358662 0)
(-7.02278e-05 -0.00368001 0)
(-7.09243e-05 -0.00377434 0)
(-7.16129e-05 -0.00386959 0)
(-7.22935e-05 -0.00396575 0)
(-7.29663e-05 -0.00406282 0)
(-7.36311e-05 -0.00416078 0)
(-7.42881e-05 -0.00425962 0)
(-7.49371e-05 -0.00435933 0)
(-7.55782e-05 -0.0044599 0)
(-7.62114e-05 -0.00456132 0)
(-7.68367e-05 -0.00466358 0)
(-7.74541e-05 -0.00476667 0)
(-7.80635e-05 -0.00487058 0)
(-7.86651e-05 -0.00497529 0)
(-7.92587e-05 -0.0050808 0)
(-7.98444e-05 -0.0051871 0)
(-8.04223e-05 -0.00529417 0)
(-8.09922e-05 -0.005402 0)
(-8.15544e-05 -0.0055106 0)
(-8.21081e-05 -0.00561993 0)
(-8.26551e-05 -0.00573 0)
(-8.31912e-05 -0.00584079 0)
(-8.37229e-05 -0.0059523 0)
(-8.42376e-05 -0.00606451 0)
(-8.47508e-05 -0.0061774 0)
(-8.52585e-05 -0.00629098 0)
(-8.57567e-05 -0.00640523 0)
(-8.62486e-05 -0.00652013 0)
(-8.67313e-05 -0.00663569 0)
(-8.72069e-05 -0.00675189 0)
(-8.76747e-05 -0.00686871 0)
(-8.8134e-05 -0.00698615 0)
(-8.85869e-05 -0.00710419 0)
(-8.90307e-05 -0.00722284 0)
(-8.94674e-05 -0.00734207 0)
(-8.98949e-05 -0.00746187 0)
(-9.03151e-05 -0.00758224 0)
(-9.07272e-05 -0.00770317 0)
(-9.11309e-05 -0.00782463 0)
(-9.15272e-05 -0.00794663 0)
(-9.19156e-05 -0.00806916 0)
(-9.22964e-05 -0.00819219 0)
(-9.26685e-05 -0.00831573 0)
(-9.30328e-05 -0.00843976 0)
(-9.33888e-05 -0.00856426 0)
(-9.37369e-05 -0.00868924 0)
(-9.40771e-05 -0.00881467 0)
(-9.44093e-05 -0.00894055 0)
(-9.47336e-05 -0.00906687 0)
(-9.505e-05 -0.00919362 0)
(-9.53588e-05 -0.00932078 0)
(-9.56594e-05 -0.00944835 0)
(-9.59529e-05 -0.00957632 0)
(-9.62379e-05 -0.00970467 0)
(-9.65154e-05 -0.00983339 0)
(-9.6784e-05 -0.00996248 0)
(-9.70413e-05 -0.0100919 0)
(-9.72959e-05 -0.0102217 0)
(-9.75401e-05 -0.0103518 0)
(-9.77781e-05 -0.0104823 0)
(-9.80073e-05 -0.010613 0)
(-9.82288e-05 -0.0107441 0)
(-9.84419e-05 -0.0108754 0)
(-9.86474e-05 -0.011007 0)
(-9.88432e-05 -0.0111389 0)
(-9.90317e-05 -0.0112711 0)
(-9.92201e-05 -0.0114034 0)
(-9.93921e-05 -0.0115361 0)
(-9.95585e-05 -0.0116689 0)
(-9.97161e-05 -0.011802 0)
(-9.98662e-05 -0.0119353 0)
(-0.000100008 -0.0120688 0)
(-0.000100143 -0.0122024 0)
(-0.000100269 -0.0123363 0)
(-0.000100388 -0.0124702 0)
(-0.000100499 -0.0126044 0)
(-0.000100601 -0.0127387 0)
(-0.000100696 -0.0128731 0)
(-0.000100783 -0.0130077 0)
(-0.000100862 -0.0131423 0)
(-0.000100933 -0.0132771 0)
(-0.000100996 -0.0134119 0)
(-0.000101051 -0.0135468 0)
(-0.000101098 -0.0136818 0)
(-0.000101136 -0.0138169 0)
(-0.000101166 -0.013952 0)
(-0.000101186 -0.0140871 0)
(-0.000101197 -0.0142223 0)
(-0.000101203 -0.0143574 0)
(-1.71477e-07 3.76207e-07 0)
(-5.61734e-07 -7.96268e-07 0)
(-9.85915e-07 -4.14521e-06 0)
(-1.40873e-06 -9.25036e-06 0)
(-1.82908e-06 -1.60385e-05 0)
(-2.24262e-06 -2.44734e-05 0)
(-2.6519e-06 -3.45325e-05 0)
(-3.05686e-06 -4.62095e-05 0)
(-3.45863e-06 -5.9493e-05 0)
(-3.85733e-06 -7.43749e-05 0)
(-4.25327e-06 -9.08447e-05 0)
(-4.64649e-06 -0.000108893 0)
(-5.03705e-06 -0.000128508 0)
(-5.42496e-06 -0.000149681 0)
(-5.81023e-06 -0.0001724 0)
(-6.19286e-06 -0.000196655 0)
(-6.57285e-06 -0.000222436 0)
(-6.95021e-06 -0.000249731 0)
(-7.3249e-06 -0.000278531 0)
(-7.69697e-06 -0.000308825 0)
(-8.06631e-06 -0.000340602 0)
(-8.43303e-06 -0.000373852 0)
(-8.79686e-06 -0.000408564 0)
(-9.15813e-06 -0.000444728 0)
(-9.516e-06 -0.000482333 0)
(-9.87163e-06 -0.000521369 0)
(-1.02229e-05 -0.000561824 0)
(-1.05725e-05 -0.00060369 0)
(-1.09192e-05 -0.000646955 0)
(-1.12647e-05 -0.000691598 0)
(-1.16062e-05 -0.000737623 0)
(-1.19468e-05 -0.000785015 0)
(-1.22853e-05 -0.000833763 0)
(-1.26216e-05 -0.000883857 0)
(-1.29552e-05 -0.000935287 0)
(-1.32849e-05 -0.000988039 0)
(-1.36117e-05 -0.0010421 0)
(-1.39369e-05 -0.00109747 0)
(-1.42589e-05 -0.00115412 0)
(-1.45778e-05 -0.00121206 0)
(-1.48943e-05 -0.00127127 0)
(-1.52072e-05 -0.00133174 0)
(-1.55186e-05 -0.00139346 0)
(-1.5828e-05 -0.00145643 0)
(-1.61343e-05 -0.00152063 0)
(-1.6445e-05 -0.00158603 0)
(-1.67456e-05 -0.00165264 0)
(-1.70469e-05 -0.00172046 0)
(-1.73418e-05 -0.00178946 0)
(-1.76352e-05 -0.00185964 0)
(-1.79251e-05 -0.00193098 0)
(-1.82127e-05 -0.00200348 0)
(-1.84975e-05 -0.00207713 0)
(-1.87799e-05 -0.00215191 0)
(-1.90594e-05 -0.00222781 0)
(-1.9337e-05 -0.00230483 0)
(-1.96114e-05 -0.00238295 0)
(-1.98852e-05 -0.00246216 0)
(-2.01553e-05 -0.00254246 0)
(-2.04244e-05 -0.00262383 0)
(-2.06883e-05 -0.00270625 0)
(-2.09509e-05 -0.00278973 0)
(-2.12097e-05 -0.00287424 0)
(-2.14651e-05 -0.00295978 0)
(-2.17182e-05 -0.00304635 0)
(-2.19685e-05 -0.00313392 0)
(-2.22163e-05 -0.00322248 0)
(-2.24614e-05 -0.00331204 0)
(-2.27041e-05 -0.00340257 0)
(-2.29441e-05 -0.00349406 0)
(-2.31815e-05 -0.00358651 0)
(-2.34162e-05 -0.00367991 0)
(-2.36483e-05 -0.00377424 0)
(-2.38778e-05 -0.00386949 0)
(-2.41047e-05 -0.00396566 0)
(-2.43289e-05 -0.00406273 0)
(-2.45505e-05 -0.00416069 0)
(-2.47694e-05 -0.00425953 0)
(-2.49858e-05 -0.00435924 0)
(-2.51994e-05 -0.00445981 0)
(-2.54105e-05 -0.00456123 0)
(-2.56189e-05 -0.00466349 0)
(-2.58246e-05 -0.00476658 0)
(-2.60278e-05 -0.00487049 0)
(-2.62282e-05 -0.0049752 0)
(-2.64261e-05 -0.00508071 0)
(-2.66213e-05 -0.00518701 0)
(-2.68139e-05 -0.00529408 0)
(-2.70038e-05 -0.00540192 0)
(-2.71912e-05 -0.00551052 0)
(-2.73755e-05 -0.00561985 0)
(-2.75578e-05 -0.00572992 0)
(-2.77354e-05 -0.00584072 0)
(-2.79122e-05 -0.00595223 0)
(-2.80821e-05 -0.00606444 0)
(-2.82533e-05 -0.00617733 0)
(-2.84218e-05 -0.00629091 0)
(-2.85878e-05 -0.00640516 0)
(-2.87521e-05 -0.00652006 0)
(-2.89131e-05 -0.00663562 0)
(-2.90719e-05 -0.00675182 0)
(-2.92285e-05 -0.00686864 0)
(-2.93818e-05 -0.00698608 0)
(-2.9533e-05 -0.00710413 0)
(-2.96814e-05 -0.00722278 0)
(-2.98277e-05 -0.00734201 0)
(-2.99705e-05 -0.00746181 0)
(-3.0111e-05 -0.00758218 0)
(-3.02488e-05 -0.00770311 0)
(-3.03834e-05 -0.00782458 0)
(-3.05155e-05 -0.00794658 0)
(-3.06454e-05 -0.0080691 0)
(-3.07728e-05 -0.00819214 0)
(-3.08971e-05 -0.00831568 0)
(-3.10188e-05 -0.0084397 0)
(-3.11375e-05 -0.00856421 0)
(-3.12537e-05 -0.00868919 0)
(-3.13671e-05 -0.00881462 0)
(-3.14779e-05 -0.00894051 0)
(-3.1586e-05 -0.00906683 0)
(-3.16916e-05 -0.00919357 0)
(-3.17946e-05 -0.00932074 0)
(-3.1895e-05 -0.00944831 0)
(-3.1993e-05 -0.00957628 0)
(-3.20883e-05 -0.00970463 0)
(-3.21803e-05 -0.00983335 0)
(-3.22699e-05 -0.00996244 0)
(-3.23551e-05 -0.0100919 0)
(-3.24401e-05 -0.0102217 0)
(-3.25211e-05 -0.0103518 0)
(-3.26006e-05 -0.0104822 0)
(-3.26768e-05 -0.010613 0)
(-3.27508e-05 -0.010744 0)
(-3.28212e-05 -0.0108754 0)
(-3.28903e-05 -0.011007 0)
(-3.29494e-05 -0.0111389 0)
(-3.3021e-05 -0.011271 0)
(-3.30885e-05 -0.0114034 0)
(-3.31399e-05 -0.0115361 0)
(-3.3195e-05 -0.0116689 0)
(-3.32469e-05 -0.011802 0)
(-3.32968e-05 -0.0119353 0)
(-3.33441e-05 -0.0120687 0)
(-3.33888e-05 -0.0122024 0)
(-3.3431e-05 -0.0123362 0)
(-3.34705e-05 -0.0124702 0)
(-3.35076e-05 -0.0126044 0)
(-3.35419e-05 -0.0127387 0)
(-3.35736e-05 -0.0128731 0)
(-3.36026e-05 -0.0130076 0)
(-3.36291e-05 -0.0131423 0)
(-3.36528e-05 -0.0132771 0)
(-3.36738e-05 -0.0134119 0)
(-3.36921e-05 -0.0135468 0)
(-3.37077e-05 -0.0136818 0)
(-3.37204e-05 -0.0138169 0)
(-3.37302e-05 -0.013952 0)
(-3.37368e-05 -0.0140871 0)
(-3.37405e-05 -0.0142223 0)
(-3.37427e-05 -0.0143574 0)
(1.71531e-07 3.76204e-07 0)
(5.61904e-07 -7.96276e-07 0)
(9.86216e-07 -4.14522e-06 0)
(1.40917e-06 -9.25037e-06 0)
(1.82965e-06 -1.60385e-05 0)
(2.24333e-06 -2.44734e-05 0)
(2.65275e-06 -3.45325e-05 0)
(3.05784e-06 -4.62095e-05 0)
(3.45975e-06 -5.9493e-05 0)
(3.85858e-06 -7.43749e-05 0)
(4.25466e-06 -9.08448e-05 0)
(4.64801e-06 -0.000108893 0)
(5.03871e-06 -0.000128508 0)
(5.42675e-06 -0.000149681 0)
(5.81215e-06 -0.0001724 0)
(6.19491e-06 -0.000196655 0)
(6.57503e-06 -0.000222436 0)
(6.95252e-06 -0.000249731 0)
(7.32739e-06 -0.000278531 0)
(7.69962e-06 -0.000308825 0)
(8.06928e-06 -0.000340602 0)
(8.4363e-06 -0.000373852 0)
(8.8009e-06 -0.000408564 0)
(9.16282e-06 -0.000444728 0)
(9.5227e-06 -0.000482333 0)
(9.87971e-06 -0.000521369 0)
(1.02351e-05 -0.000561824 0)
(1.05874e-05 -0.00060369 0)
(1.09362e-05 -0.000646953 0)
(1.12818e-05 -0.000691598 0)
(1.16261e-05 -0.000737623 0)
(1.19661e-05 -0.000785015 0)
(1.23031e-05 -0.000833763 0)
(1.26365e-05 -0.000883857 0)
(1.29674e-05 -0.000935287 0)
(1.32967e-05 -0.00098804 0)
(1.36241e-05 -0.0010421 0)
(1.39475e-05 -0.00109747 0)
(1.4269e-05 -0.00115412 0)
(1.45887e-05 -0.00121206 0)
(1.49052e-05 -0.00127127 0)
(1.52213e-05 -0.00133174 0)
(1.55319e-05 -0.00139346 0)
(1.58428e-05 -0.00145643 0)
(1.61468e-05 -0.00152062 0)
(1.64364e-05 -0.00158603 0)
(1.67399e-05 -0.00165264 0)
(1.70344e-05 -0.00172046 0)
(1.73316e-05 -0.00178946 0)
(1.76241e-05 -0.00185964 0)
(1.79149e-05 -0.00193098 0)
(1.82026e-05 -0.00200348 0)
(1.84879e-05 -0.00207713 0)
(1.87702e-05 -0.00215191 0)
(1.90502e-05 -0.00222781 0)
(1.93267e-05 -0.00230483 0)
(1.96017e-05 -0.00238295 0)
(1.98707e-05 -0.00246216 0)
(2.01401e-05 -0.00254246 0)
(2.04002e-05 -0.00262383 0)
(2.06637e-05 -0.00270625 0)
(2.09244e-05 -0.00278972 0)
(2.11829e-05 -0.00287424 0)
(2.14398e-05 -0.00295978 0)
(2.16934e-05 -0.00304635 0)
(2.19446e-05 -0.00313392 0)
(2.21928e-05 -0.00322248 0)
(2.24384e-05 -0.00331204 0)
(2.26812e-05 -0.00340257 0)
(2.29214e-05 -0.00349406 0)
(2.31589e-05 -0.00358651 0)
(2.33938e-05 -0.00367991 0)
(2.3626e-05 -0.00377424 0)
(2.38556e-05 -0.00386949 0)
(2.40825e-05 -0.00396566 0)
(2.43069e-05 -0.00406273 0)
(2.45285e-05 -0.00416069 0)
(2.47476e-05 -0.00425953 0)
(2.4964e-05 -0.00435924 0)
(2.51777e-05 -0.00445981 0)
(2.53889e-05 -0.00456123 0)
(2.55974e-05 -0.00466349 0)
(2.58032e-05 -0.00476658 0)
(2.60064e-05 -0.00487049 0)
(2.6207e-05 -0.0049752 0)
(2.64049e-05 -0.00508071 0)
(2.66003e-05 -0.00518701 0)
(2.67929e-05 -0.00529408 0)
(2.6983e-05 -0.00540192 0)
(2.71703e-05 -0.00551052 0)
(2.73554e-05 -0.00561985 0)
(2.75375e-05 -0.00572992 0)
(2.77184e-05 -0.00584072 0)
(2.78958e-05 -0.00595223 0)
(2.80717e-05 -0.00606443 0)
(2.82433e-05 -0.00617733 0)
(2.84131e-05 -0.00629091 0)
(2.85796e-05 -0.00640516 0)
(2.87428e-05 -0.00652006 0)
(2.89035e-05 -0.00663562 0)
(2.90614e-05 -0.00675182 0)
(2.92162e-05 -0.00686864 0)
(2.93691e-05 -0.00698608 0)
(2.95191e-05 -0.00710413 0)
(2.96662e-05 -0.00722278 0)
(2.98104e-05 -0.00734201 0)
(2.99524e-05 -0.00746181 0)
(3.00916e-05 -0.00758218 0)
(3.02282e-05 -0.00770311 0)
(3.03626e-05 -0.00782458 0)
(3.04944e-05 -0.00794658 0)
(3.06231e-05 -0.0080691 0)
(3.07491e-05 -0.00819214 0)
(3.08727e-05 -0.00831568 0)
(3.09936e-05 -0.0084397 0)
(3.11121e-05 -0.00856421 0)
(3.1228e-05 -0.00868919 0)
(3.13413e-05 -0.00881462 0)
(3.1452e-05 -0.00894051 0)
(3.156e-05 -0.00906683 0)
(3.16654e-05 -0.00919357 0)
(3.17679e-05 -0.00932074 0)
(3.1868e-05 -0.00944831 0)
(3.19652e-05 -0.00957628 0)
(3.206e-05 -0.00970463 0)
(3.21528e-05 -0.00983335 0)
(3.22425e-05 -0.00996244 0)
(3.23301e-05 -0.0100919 0)
(3.24144e-05 -0.0102217 0)
(3.24966e-05 -0.0103518 0)
(3.25754e-05 -0.0104822 0)
(3.26519e-05 -0.010613 0)
(3.27255e-05 -0.010744 0)
(3.27968e-05 -0.0108754 0)
(3.28645e-05 -0.011007 0)
(3.29316e-05 -0.0111389 0)
(3.29881e-05 -0.011271 0)
(3.30529e-05 -0.0114034 0)
(3.31118e-05 -0.0115361 0)
(3.31679e-05 -0.0116689 0)
(3.32209e-05 -0.011802 0)
(3.32712e-05 -0.0119353 0)
(3.33187e-05 -0.0120687 0)
(3.33635e-05 -0.0122024 0)
(3.34057e-05 -0.0123362 0)
(3.34452e-05 -0.0124702 0)
(3.34819e-05 -0.0126044 0)
(3.3516e-05 -0.0127387 0)
(3.35474e-05 -0.0128731 0)
(3.35763e-05 -0.0130076 0)
(3.36025e-05 -0.0131423 0)
(3.36262e-05 -0.0132771 0)
(3.36472e-05 -0.0134119 0)
(3.36656e-05 -0.0135468 0)
(3.36811e-05 -0.0136818 0)
(3.36938e-05 -0.0138169 0)
(3.37031e-05 -0.013952 0)
(3.37098e-05 -0.0140871 0)
(3.37133e-05 -0.0142223 0)
(3.37156e-05 -0.0143574 0)
(5.16069e-07 3.04107e-07 0)
(1.69175e-06 -9.39422e-07 0)
(2.96468e-06 -4.31856e-06 0)
(4.23221e-06 -9.43134e-06 0)
(5.49223e-06 -1.62192e-05 0)
(6.73211e-06 -2.46518e-05 0)
(7.95962e-06 -3.47085e-05 0)
(9.17443e-06 -4.63835e-05 0)
(1.03798e-05 -5.96655e-05 0)
(1.15761e-05 -7.4546e-05 0)
(1.27642e-05 -9.10146e-05 0)
(1.39441e-05 -0.000109061 0)
(1.51161e-05 -0.000128676 0)
(1.628e-05 -0.000149847 0)
(1.74361e-05 -0.000172565 0)
(1.85843e-05 -0.000196819 0)
(1.97245e-05 -0.000222598 0)
(2.08568e-05 -0.000249893 0)
(2.19813e-05 -0.000278692 0)
(2.30978e-05 -0.000308985 0)
(2.42064e-05 -0.000340761 0)
(2.53072e-05 -0.00037401 0)
(2.64002e-05 -0.000408721 0)
(2.74853e-05 -0.000444884 0)
(2.85629e-05 -0.000482487 0)
(2.96324e-05 -0.000521522 0)
(3.06946e-05 -0.000561976 0)
(3.17485e-05 -0.00060384 0)
(3.27935e-05 -0.000647102 0)
(3.38303e-05 -0.000691747 0)
(3.48604e-05 -0.00073777 0)
(3.58809e-05 -0.00078516 0)
(3.68935e-05 -0.000833907 0)
(3.78964e-05 -0.000883999 0)
(3.8892e-05 -0.000935429 0)
(3.98797e-05 -0.000988183 0)
(4.0861e-05 -0.00104224 0)
(4.18331e-05 -0.0010976 0)
(4.27981e-05 -0.00115426 0)
(4.37564e-05 -0.0012122 0)
(4.47061e-05 -0.00127141 0)
(4.56506e-05 -0.00133188 0)
(4.65847e-05 -0.00139359 0)
(4.75176e-05 -0.00145656 0)
(4.84418e-05 -0.00152076 0)
(4.93171e-05 -0.00158616 0)
(5.02275e-05 -0.00165277 0)
(5.11177e-05 -0.00172058 0)
(5.20067e-05 -0.00178959 0)
(5.28851e-05 -0.00185976 0)
(5.37566e-05 -0.00193111 0)
(5.46195e-05 -0.00200361 0)
(5.54748e-05 -0.00207725 0)
(5.63219e-05 -0.00215203 0)
(5.71615e-05 -0.00222793 0)
(5.79923e-05 -0.00230495 0)
(5.88169e-05 -0.00238307 0)
(5.96291e-05 -0.00246228 0)
(6.04388e-05 -0.00254258 0)
(6.12265e-05 -0.00262394 0)
(6.20161e-05 -0.00270636 0)
(6.28016e-05 -0.00278984 0)
(6.35769e-05 -0.00287435 0)
(6.43465e-05 -0.00295989 0)
(6.51066e-05 -0.00304646 0)
(6.58592e-05 -0.00313402 0)
(6.66034e-05 -0.00322259 0)
(6.73398e-05 -0.00331214 0)
(6.8068e-05 -0.00340267 0)
(6.87884e-05 -0.00349417 0)
(6.95008e-05 -0.00358662 0)
(7.02053e-05 -0.00368001 0)
(7.09019e-05 -0.00377434 0)
(7.15906e-05 -0.00386959 0)
(7.22714e-05 -0.00396575 0)
(7.29442e-05 -0.00406282 0)
(7.36092e-05 -0.00416078 0)
(7.42662e-05 -0.00425962 0)
(7.49153e-05 -0.00435933 0)
(7.55565e-05 -0.0044599 0)
(7.61898e-05 -0.00456132 0)
(7.68152e-05 -0.00466358 0)
(7.74327e-05 -0.00476667 0)
(7.80422e-05 -0.00487058 0)
(7.86438e-05 -0.00497529 0)
(7.92376e-05 -0.0050808 0)
(7.98234e-05 -0.0051871 0)
(8.04013e-05 -0.00529417 0)
(8.09713e-05 -0.005402 0)
(8.15334e-05 -0.0055106 0)
(8.20879e-05 -0.00561993 0)
(8.26343e-05 -0.00573 0)
(8.31736e-05 -0.00584079 0)
(8.37046e-05 -0.0059523 0)
(8.42277e-05 -0.00606451 0)
(8.47424e-05 -0.0061774 0)
(8.52499e-05 -0.00629098 0)
(8.57487e-05 -0.00640523 0)
(8.62393e-05 -0.00652013 0)
(8.67219e-05 -0.00663569 0)
(8.71964e-05 -0.00675188 0)
(8.76628e-05 -0.00686871 0)
(8.81217e-05 -0.00698615 0)
(8.85727e-05 -0.00710419 0)
(8.90153e-05 -0.00722284 0)
(8.94499e-05 -0.00734207 0)
(8.98768e-05 -0.00746187 0)
(9.02957e-05 -0.00758224 0)
(9.07067e-05 -0.00770317 0)
(9.11103e-05 -0.00782463 0)
(9.15059e-05 -0.00794663 0)
(9.18931e-05 -0.00806916 0)
(9.22724e-05 -0.00819219 0)
(9.26439e-05 -0.00831573 0)
(9.30075e-05 -0.00843976 0)
(9.33633e-05 -0.00856426 0)
(9.37112e-05 -0.00868924 0)
(9.40512e-05 -0.00881467 0)
(9.43834e-05 -0.00894055 0)
(9.47076e-05 -0.00906687 0)
(9.50239e-05 -0.00919362 0)
(9.53322e-05 -0.00932078 0)
(9.56326e-05 -0.00944835 0)
(9.59251e-05 -0.00957632 0)
(9.62097e-05 -0.00970467 0)
(9.64871e-05 -0.00983339 0)
(9.67561e-05 -0.00996248 0)
(9.70173e-05 -0.0100919 0)
(9.72704e-05 -0.0102217 0)
(9.75159e-05 -0.0103518 0)
(9.7753e-05 -0.0104823 0)
(9.79823e-05 -0.010613 0)
(9.82035e-05 -0.0107441 0)
(9.84168e-05 -0.0108754 0)
(9.86216e-05 -0.011007 0)
(9.88184e-05 -0.0111389 0)
(9.90039e-05 -0.011271 0)
(9.91927e-05 -0.0114034 0)
(9.93655e-05 -0.0115361 0)
(9.95323e-05 -0.0116689 0)
(9.96904e-05 -0.011802 0)
(9.98407e-05 -0.0119353 0)
(9.99831e-05 -0.0120688 0)
(0.000100118 -0.0122024 0)
(0.000100244 -0.0123363 0)
(0.000100363 -0.0124702 0)
(0.000100473 -0.0126044 0)
(0.000100576 -0.0127387 0)
(0.00010067 -0.0128731 0)
(0.000100757 -0.0130077 0)
(0.000100836 -0.0131423 0)
(0.000100907 -0.0132771 0)
(0.00010097 -0.0134119 0)
(0.000101025 -0.0135468 0)
(0.000101072 -0.0136818 0)
(0.00010111 -0.0138169 0)
(0.000101138 -0.013952 0)
(0.000101158 -0.0140871 0)
(0.000101169 -0.0142223 0)
(0.000101176 -0.0143574 0)
(8.64786e-07 1.55578e-07 0)
(2.84054e-06 -1.22811e-06 0)
(4.96182e-06 -4.66368e-06 0)
(7.07034e-06 -9.79041e-06 0)
(9.16591e-06 -1.65771e-05 0)
(1.12291e-05 -2.50051e-05 0)
(1.3273e-05 -3.50573e-05 0)
(1.52966e-05 -4.67285e-05 0)
(1.73051e-05 -6.00074e-05 0)
(1.92987e-05 -7.48852e-05 0)
(2.12786e-05 -9.13514e-05 0)
(2.32451e-05 -0.000109396 0)
(2.51982e-05 -0.000129008 0)
(2.71382e-05 -0.000150177 0)
(2.90649e-05 -0.000172893 0)
(3.09785e-05 -0.000197144 0)
(3.28788e-05 -0.000222922 0)
(3.4766e-05 -0.000250214 0)
(3.664e-05 -0.000279011 0)
(3.85008e-05 -0.000309301 0)
(4.03484e-05 -0.000341075 0)
(4.21829e-05 -0.000374322 0)
(4.40043e-05 -0.00040903 0)
(4.58125e-05 -0.000445191 0)
(4.76077e-05 -0.000482793 0)
(4.93897e-05 -0.000521825 0)
(5.11588e-05 -0.000562277 0)
(5.29143e-05 -0.000604138 0)
(5.46558e-05 -0.000647397 0)
(5.63839e-05 -0.00069204 0)
(5.80998e-05 -0.000738061 0)
(5.98009e-05 -0.000785449 0)
(6.14893e-05 -0.000834194 0)
(6.31616e-05 -0.000884283 0)
(6.48218e-05 -0.000935712 0)
(6.64669e-05 -0.000988464 0)
(6.81024e-05 -0.00104252 0)
(6.97234e-05 -0.00109788 0)
(7.13318e-05 -0.00115453 0)
(7.29288e-05 -0.00121247 0)
(7.45112e-05 -0.00127168 0)
(7.60856e-05 -0.00133215 0)
(7.76393e-05 -0.00139386 0)
(7.9215e-05 -0.00145682 0)
(8.07037e-05 -0.00152101 0)
(8.21797e-05 -0.00158641 0)
(8.3716e-05 -0.00165303 0)
(8.52042e-05 -0.00172084 0)
(8.66864e-05 -0.00178984 0)
(8.81509e-05 -0.00186001 0)
(8.96031e-05 -0.00193135 0)
(9.10413e-05 -0.00200385 0)
(9.24666e-05 -0.00207749 0)
(9.38784e-05 -0.00215227 0)
(9.52775e-05 -0.00222817 0)
(9.66625e-05 -0.00230518 0)
(9.80366e-05 -0.0023833 0)
(9.93919e-05 -0.00246251 0)
(0.000100744 -0.0025428 0)
(0.000102047 -0.00262417 0)
(0.000103371 -0.00270659 0)
(0.000104683 -0.00279006 0)
(0.000105976 -0.00287457 0)
(0.000107258 -0.00296011 0)
(0.000108525 -0.00304667 0)
(0.000109779 -0.00313424 0)
(0.000111019 -0.0032228 0)
(0.000112246 -0.00331235 0)
(0.00011346 -0.00340288 0)
(0.00011466 -0.00349437 0)
(0.000115848 -0.00358682 0)
(0.000117022 -0.00368021 0)
(0.000118183 -0.00377454 0)
(0.00011933 -0.00386978 0)
(0.000120465 -0.00396595 0)
(0.000121586 -0.00406301 0)
(0.000122695 -0.00416097 0)
(0.00012379 -0.00425981 0)
(0.000124871 -0.00435951 0)
(0.00012594 -0.00446008 0)
(0.000126996 -0.0045615 0)
(0.000128038 -0.00466376 0)
(0.000129067 -0.00476684 0)
(0.000130083 -0.00487075 0)
(0.000131086 -0.00497546 0)
(0.000132075 -0.00508097 0)
(0.000133051 -0.00518726 0)
(0.000134014 -0.00529433 0)
(0.000134964 -0.00540217 0)
(0.000135901 -0.00551076 0)
(0.000136825 -0.00562009 0)
(0.000137736 -0.00573016 0)
(0.000138634 -0.00584095 0)
(0.000139518 -0.00595245 0)
(0.000140389 -0.00606466 0)
(0.000141246 -0.00617755 0)
(0.000142091 -0.00629112 0)
(0.000142923 -0.00640537 0)
(0.000143741 -0.00652027 0)
(0.000144545 -0.00663583 0)
(0.000145336 -0.00675202 0)
(0.000146114 -0.00686884 0)
(0.000146879 -0.00698628 0)
(0.000147631 -0.00710432 0)
(0.000148369 -0.00722296 0)
(0.000149094 -0.00734219 0)
(0.000149806 -0.00746199 0)
(0.000150505 -0.00758236 0)
(0.00015119 -0.00770328 0)
(0.000151863 -0.00782475 0)
(0.000152522 -0.00794675 0)
(0.000153168 -0.00806927 0)
(0.000153801 -0.0081923 0)
(0.00015442 -0.00831583 0)
(0.000155026 -0.00843986 0)
(0.000155619 -0.00856436 0)
(0.000156199 -0.00868933 0)
(0.000156766 -0.00881477 0)
(0.00015732 -0.00894065 0)
(0.00015786 -0.00906696 0)
(0.000158387 -0.00919371 0)
(0.000158901 -0.00932087 0)
(0.000159402 -0.00944844 0)
(0.00015989 -0.0095764 0)
(0.000160364 -0.00970475 0)
(0.000160826 -0.00983347 0)
(0.000161274 -0.00996256 0)
(0.000161709 -0.010092 0)
(0.000162131 -0.0102218 0)
(0.00016254 -0.0103519 0)
(0.000162935 -0.0104823 0)
(0.000163318 -0.0106131 0)
(0.000163686 -0.0107441 0)
(0.000164041 -0.0108755 0)
(0.000164384 -0.0110071 0)
(0.000164707 -0.011139 0)
(0.00016503 -0.0112711 0)
(0.000165341 -0.0114035 0)
(0.000165625 -0.0115361 0)
(0.000165902 -0.011669 0)
(0.000166165 -0.0118021 0)
(0.000166415 -0.0119353 0)
(0.000166652 -0.0120688 0)
(0.000166876 -0.0122025 0)
(0.000167087 -0.0123363 0)
(0.000167285 -0.0124703 0)
(0.000167469 -0.0126044 0)
(0.00016764 -0.0127387 0)
(0.000167797 -0.0128731 0)
(0.000167942 -0.0130077 0)
(0.000168074 -0.0131423 0)
(0.000168192 -0.0132771 0)
(0.000168297 -0.0134119 0)
(0.000168389 -0.0135468 0)
(0.000168467 -0.0136818 0)
(0.000168532 -0.0138169 0)
(0.00016858 -0.013952 0)
(0.000168613 -0.0140871 0)
(0.000168633 -0.0142223 0)
(0.000168643 -0.0143574 0)
(1.22339e-06 -9.07646e-08 0)
(4.02183e-06 -1.67782e-06 0)
(6.99036e-06 -5.18976e-06 0)
(9.93246e-06 -1.03335e-05 0)
(1.28572e-05 -1.71177e-05 0)
(1.57391e-05 -2.55392e-05 0)
(1.85968e-05 -3.55851e-05 0)
(2.14279e-05 -4.72511e-05 0)
(2.42388e-05 -6.05256e-05 0)
(2.70293e-05 -7.53995e-05 0)
(2.98011e-05 -9.1862e-05 0)
(3.2554e-05 -0.000109903 0)
(3.52884e-05 -0.000129511 0)
(3.80043e-05 -0.000150677 0)
(4.07017e-05 -0.000173389 0)
(4.33806e-05 -0.000197638 0)
(4.60411e-05 -0.000223412 0)
(4.86831e-05 -0.0002507 0)
(5.13066e-05 -0.000279494 0)
(5.39117e-05 -0.000309781 0)
(5.64984e-05 -0.000341551 0)
(5.90665e-05 -0.000374795 0)
(6.16163e-05 -0.0004095 0)
(6.41476e-05 -0.000445657 0)
(6.66606e-05 -0.000483256 0)
(6.91549e-05 -0.000522285 0)
(7.16309e-05 -0.000562733 0)
(7.40881e-05 -0.000604591 0)
(7.65262e-05 -0.000647846 0)
(7.89456e-05 -0.000692486 0)
(8.13474e-05 -0.000738503 0)
(8.37292e-05 -0.000785887 0)
(8.60935e-05 -0.000834628 0)
(8.84352e-05 -0.000884714 0)
(9.07616e-05 -0.000936139 0)
(9.30611e-05 -0.000988891 0)
(9.53501e-05 -0.00104294 0)
(9.76211e-05 -0.0010983 0)
(9.9873e-05 -0.00115495 0)
(0.000102109 -0.00121288 0)
(0.000104324 -0.00127209 0)
(0.000106524 -0.00133255 0)
(0.000108698 -0.00139427 0)
(0.000110867 -0.00145722 0)
(0.000112974 -0.00152139 0)
(0.000115104 -0.0015868 0)
(0.000117216 -0.00165342 0)
(0.000119303 -0.00172122 0)
(0.000121375 -0.00179022 0)
(0.000123425 -0.00186039 0)
(0.000125458 -0.00193173 0)
(0.000127471 -0.00200422 0)
(0.000129466 -0.00207786 0)
(0.000131443 -0.00215263 0)
(0.000133402 -0.00222853 0)
(0.000135341 -0.00230554 0)
(0.000137266 -0.00238365 0)
(0.000139166 -0.00246286 0)
(0.000141078 -0.00254315 0)
(0.000142908 -0.00262451 0)
(0.000144719 -0.00270693 0)
(0.000146575 -0.0027904 0)
(0.000148383 -0.00287491 0)
(0.000150178 -0.00296044 0)
(0.000151951 -0.003047 0)
(0.000153706 -0.00313456 0)
(0.000155442 -0.00322312 0)
(0.00015716 -0.00331267 0)
(0.000158859 -0.00340319 0)
(0.00016054 -0.00349468 0)
(0.000162202 -0.00358712 0)
(0.000163846 -0.00368051 0)
(0.000165471 -0.00377483 0)
(0.000167078 -0.00387008 0)
(0.000168667 -0.00396624 0)
(0.000170237 -0.0040633 0)
(0.000171788 -0.00416125 0)
(0.000173321 -0.00426009 0)
(0.000174836 -0.00435979 0)
(0.000176332 -0.00446036 0)
(0.000177809 -0.00456177 0)
(0.000179268 -0.00466403 0)
(0.000180709 -0.00476711 0)
(0.000182131 -0.00487101 0)
(0.000183535 -0.00497572 0)
(0.00018492 -0.00508122 0)
(0.000186287 -0.00518751 0)
(0.000187636 -0.00529458 0)
(0.000188966 -0.00540241 0)
(0.000190277 -0.005511 0)
(0.00019157 -0.00562033 0)
(0.000192845 -0.00573039 0)
(0.000194101 -0.00584118 0)
(0.000195339 -0.00595268 0)
(0.000196558 -0.00606488 0)
(0.000197759 -0.00617777 0)
(0.000198941 -0.00629134 0)
(0.000200105 -0.00640558 0)
(0.00020125 -0.00652048 0)
(0.000202376 -0.00663603 0)
(0.000203484 -0.00675222 0)
(0.000204574 -0.00686904 0)
(0.000205645 -0.00698647 0)
(0.000206697 -0.00710451 0)
(0.000207731 -0.00722315 0)
(0.000208746 -0.00734238 0)
(0.000209743 -0.00746218 0)
(0.000210722 -0.00758254 0)
(0.000211682 -0.00770346 0)
(0.000212623 -0.00782492 0)
(0.000213546 -0.00794692 0)
(0.000214451 -0.00806943 0)
(0.000215337 -0.00819246 0)
(0.000216204 -0.00831599 0)
(0.000217053 -0.00844001 0)
(0.000217883 -0.00856451 0)
(0.000218695 -0.00868948 0)
(0.000219489 -0.00881491 0)
(0.000220264 -0.00894079 0)
(0.00022102 -0.0090671 0)
(0.000221759 -0.00919384 0)
(0.000222478 -0.009321 0)
(0.00022318 -0.00944856 0)
(0.000223862 -0.00957652 0)
(0.000224527 -0.00970487 0)
(0.000225173 -0.00983359 0)
(0.000225801 -0.00996267 0)
(0.00022641 -0.0100921 0)
(0.000227 -0.0102219 0)
(0.000227572 -0.010352 0)
(0.000228126 -0.0104824 0)
(0.000228661 -0.0106132 0)
(0.000229177 -0.0107442 0)
(0.000229675 -0.0108755 0)
(0.000230155 -0.0110072 0)
(0.000230615 -0.011139 0)
(0.000231064 -0.0112712 0)
(0.000231487 -0.0114036 0)
(0.000231891 -0.0115362 0)
(0.000232278 -0.011669 0)
(0.000232647 -0.0118021 0)
(0.000232998 -0.0119354 0)
(0.000233329 -0.0120689 0)
(0.000233643 -0.0122025 0)
(0.000233938 -0.0123363 0)
(0.000234215 -0.0124703 0)
(0.000234473 -0.0126045 0)
(0.000234713 -0.0127388 0)
(0.000234931 -0.0128732 0)
(0.000235135 -0.0130077 0)
(0.00023532 -0.0131424 0)
(0.000235485 -0.0132771 0)
(0.000235633 -0.013412 0)
(0.000235762 -0.0135469 0)
(0.000235871 -0.0136819 0)
(0.000235962 -0.0138169 0)
(0.000236032 -0.013952 0)
(0.00023608 -0.0140871 0)
(0.000236107 -0.0142223 0)
(0.000236122 -0.0143575 0)
(1.60122e-06 -4.4588e-07 0)
(5.25139e-06 -2.29084e-06 0)
(9.06194e-06 -5.88521e-06 0)
(1.28255e-05 -1.10462e-05 0)
(1.65707e-05 -1.78254e-05 0)
(2.02656e-05 -2.62386e-05 0)
(2.39344e-05 -3.62771e-05 0)
(2.75715e-05 -4.79366e-05 0)
(3.11842e-05 -6.12057e-05 0)
(3.47715e-05 -7.60746e-05 0)
(3.83349e-05 -9.25325e-05 0)
(4.18742e-05 -0.000110569 0)
(4.53898e-05 -0.000130173 0)
(4.88817e-05 -0.000151334 0)
(5.23497e-05 -0.000174042 0)
(5.57941e-05 -0.000198286 0)
(5.92147e-05 -0.000224055 0)
(6.26115e-05 -0.000251339 0)
(6.59846e-05 -0.000280128 0)
(6.9334e-05 -0.000310411 0)
(7.26596e-05 -0.000342177 0)
(7.59615e-05 -0.000375416 0)
(7.92396e-05 -0.000410117 0)
(8.2494e-05 -0.000446269 0)
(8.57246e-05 -0.000483863 0)
(8.89314e-05 -0.000522888 0)
(9.21143e-05 -0.000563332 0)
(9.52733e-05 -0.000605184 0)
(9.84079e-05 -0.000648435 0)
(0.000101519 -0.00069307 0)
(0.000104607 -0.000739084 0)
(0.000107669 -0.000786463 0)
(0.00011071 -0.000835199 0)
(0.000113721 -0.00088528 0)
(0.000116715 -0.000936701 0)
(0.000119667 -0.000989446 0)
(0.000122608 -0.00104349 0)
(0.000125531 -0.00109885 0)
(0.000128425 -0.00115549 0)
(0.0001313 -0.00121342 0)
(0.000134147 -0.00127262 0)
(0.000136975 -0.00133308 0)
(0.000139772 -0.00139479 0)
(0.000142553 -0.00145773 0)
(0.000145293 -0.00152191 0)
(0.000148021 -0.00158732 0)
(0.00015073 -0.00165392 0)
(0.000153413 -0.00172173 0)
(0.000156075 -0.00179072 0)
(0.000158711 -0.00186088 0)
(0.000161323 -0.00193222 0)
(0.000163912 -0.00200471 0)
(0.000166477 -0.00207834 0)
(0.000169019 -0.00215311 0)
(0.000171536 -0.002229 0)
(0.00017403 -0.00230601 0)
(0.000176502 -0.00238412 0)
(0.000178948 -0.00246332 0)
(0.000181377 -0.0025436 0)
(0.00018378 -0.00262494 0)
(0.000186124 -0.00270737 0)
(0.000188482 -0.00279084 0)
(0.000190805 -0.00287534 0)
(0.00019311 -0.00296088 0)
(0.000195389 -0.00304743 0)
(0.000197645 -0.00313498 0)
(0.000199877 -0.00322354 0)
(0.000202086 -0.00331308 0)
(0.00020427 -0.0034036 0)
(0.000206431 -0.00349508 0)
(0.000208568 -0.00358752 0)
(0.000210682 -0.00368091 0)
(0.000212771 -0.00377523 0)
(0.000214837 -0.00387047 0)
(0.00021688 -0.00396662 0)
(0.000218898 -0.00406368 0)
(0.000220893 -0.00416163 0)
(0.000222864 -0.00426046 0)
(0.000224811 -0.00436016 0)
(0.000226735 -0.00446072 0)
(0.000228634 -0.00456213 0)
(0.00023051 -0.00466438 0)
(0.000232363 -0.00476746 0)
(0.000234191 -0.00487135 0)
(0.000235996 -0.00497605 0)
(0.000237777 -0.00508155 0)
(0.000239534 -0.00518784 0)
(0.000241268 -0.0052949 0)
(0.000242978 -0.00540273 0)
(0.000244664 -0.00551131 0)
(0.000246327 -0.00562064 0)
(0.000247965 -0.0057307 0)
(0.00024958 -0.00584148 0)
(0.000251172 -0.00595298 0)
(0.000252739 -0.00606517 0)
(0.000254282 -0.00617806 0)
(0.000255802 -0.00629162 0)
(0.000257298 -0.00640586 0)
(0.000258771 -0.00652076 0)
(0.000260219 -0.0066363 0)
(0.000261644 -0.00675249 0)
(0.000263044 -0.0068693 0)
(0.000264421 -0.00698673 0)
(0.000265775 -0.00710477 0)
(0.000267104 -0.0072234 0)
(0.00026841 -0.00734262 0)
(0.000269692 -0.00746242 0)
(0.00027095 -0.00758278 0)
(0.000272184 -0.00770369 0)
(0.000273395 -0.00782515 0)
(0.000274582 -0.00794714 0)
(0.000275745 -0.00806965 0)
(0.000276884 -0.00819267 0)
(0.000277999 -0.0083162 0)
(0.000279091 -0.00844022 0)
(0.000280159 -0.00856471 0)
(0.000281203 -0.00868968 0)
(0.000282223 -0.0088151 0)
(0.000283219 -0.00894097 0)
(0.000284192 -0.00906728 0)
(0.000285141 -0.00919402 0)
(0.000286067 -0.00932117 0)
(0.000286968 -0.00944873 0)
(0.000287846 -0.00957669 0)
(0.000288701 -0.00970503 0)
(0.000289531 -0.00983374 0)
(0.000290338 -0.00996282 0)
(0.000291121 -0.0100923 0)
(0.00029188 -0.010222 0)
(0.000292616 -0.0103521 0)
(0.000293328 -0.0104826 0)
(0.000294015 -0.0106133 0)
(0.00029468 -0.0107443 0)
(0.00029532 -0.0108757 0)
(0.000295937 -0.0110073 0)
(0.000296529 -0.0111392 0)
(0.000297101 -0.0112713 0)
(0.000297647 -0.0114037 0)
(0.000298168 -0.0115363 0)
(0.000298666 -0.0116691 0)
(0.00029914 -0.0118022 0)
(0.000299591 -0.0119355 0)
(0.000300018 -0.0120689 0)
(0.000300421 -0.0122026 0)
(0.000300801 -0.0123364 0)
(0.000301157 -0.0124704 0)
(0.000301488 -0.0126045 0)
(0.000301799 -0.0127388 0)
(0.00030208 -0.0128732 0)
(0.000302337 -0.0130078 0)
(0.000302577 -0.0131424 0)
(0.00030279 -0.0132772 0)
(0.00030298 -0.013412 0)
(0.000303145 -0.0135469 0)
(0.000303287 -0.0136819 0)
(0.000303404 -0.0138169 0)
(0.000303495 -0.013952 0)
(0.00030356 -0.0140871 0)
(0.000303598 -0.0142223 0)
(0.000303617 -0.0143575 0)
(2.02802e-06 -9.79436e-07 0)
(6.54267e-06 -3.10925e-06 0)
(1.11878e-05 -6.77918e-06 0)
(1.5753e-05 -1.19516e-05 0)
(2.03091e-05 -1.87249e-05 0)
(2.48111e-05 -2.71293e-05 0)
(2.92882e-05 -3.71599e-05 0)
(3.37302e-05 -4.88123e-05 0)
(3.81442e-05 -6.20751e-05 0)
(4.2528e-05 -7.69379e-05 0)
(4.6883e-05 -9.33899e-05 0)
(5.12087e-05 -0.00011142 0)
(5.55056e-05 -0.000131019 0)
(5.97733e-05 -0.000152174 0)
(6.40121e-05 -0.000174876 0)
(6.82218e-05 -0.000199114 0)
(7.24025e-05 -0.000224878 0)
(7.65542e-05 -0.000252157 0)
(8.06768e-05 -0.00028094 0)
(8.47705e-05 -0.000311217 0)
(8.88351e-05 -0.000342977 0)
(9.28707e-05 -0.00037621 0)
(9.68772e-05 -0.000410905 0)
(0.000100855 -0.000447052 0)
(0.000104803 -0.00048464 0)
(0.000108722 -0.000523659 0)
(0.000112612 -0.000564097 0)
(0.000116473 -0.000605944 0)
(0.000120304 -0.000649188 0)
(0.000124106 -0.000693819 0)
(0.00012788 -0.000739826 0)
(0.000131623 -0.000787199 0)
(0.000135341 -0.000835929 0)
(0.000139021 -0.000886003 0)
(0.000142686 -0.000937417 0)
(0.000146274 -0.000990166 0)
(0.000149876 -0.0010442 0)
(0.000153453 -0.00109955 0)
(0.000156991 -0.00115619 0)
(0.000160505 -0.00121411 0)
(0.000163985 -0.00127331 0)
(0.000167439 -0.00133376 0)
(0.00017086 -0.00139546 0)
(0.000174255 -0.0014584 0)
(0.000177614 -0.00152257 0)
(0.00018095 -0.00158797 0)
(0.000184258 -0.00165458 0)
(0.000187538 -0.00172237 0)
(0.000190789 -0.00179136 0)
(0.000194011 -0.00186152 0)
(0.000197204 -0.00193285 0)
(0.000200368 -0.00200533 0)
(0.000203503 -0.00207896 0)
(0.000206608 -0.00215372 0)
(0.000209686 -0.00222961 0)
(0.000212733 -0.00230661 0)
(0.000215753 -0.00238471 0)
(0.000218742 -0.00246391 0)
(0.000221705 -0.00254418 0)
(0.000224634 -0.00262552 0)
(0.000227524 -0.00270794 0)
(0.000230399 -0.0027914 0)
(0.00023324 -0.0028759 0)
(0.000236056 -0.00296143 0)
(0.000238841 -0.00304797 0)
(0.000241599 -0.00313553 0)
(0.000244326 -0.00322408 0)
(0.000247026 -0.00331361 0)
(0.000249696 -0.00340413 0)
(0.000252337 -0.0034956 0)
(0.000254949 -0.00358804 0)
(0.000257532 -0.00368142 0)
(0.000260086 -0.00377573 0)
(0.000262611 -0.00387096 0)
(0.000265107 -0.00396711 0)
(0.000267574 -0.00406416 0)
(0.000270012 -0.00416211 0)
(0.000272421 -0.00426093 0)
(0.000274801 -0.00436062 0)
(0.000277152 -0.00446118 0)
(0.000279474 -0.00456258 0)
(0.000281767 -0.00466483 0)
(0.00028403 -0.0047679 0)
(0.000286265 -0.00487179 0)
(0.000288471 -0.00497649 0)
(0.000290648 -0.00508198 0)
(0.000292796 -0.00518826 0)
(0.000294915 -0.00529532 0)
(0.000297005 -0.00540314 0)
(0.000299065 -0.00551172 0)
(0.000301097 -0.00562104 0)
(0.0003031 -0.00573109 0)
(0.000305074 -0.00584187 0)
(0.000307019 -0.00595336 0)
(0.000308934 -0.00606555 0)
(0.00031082 -0.00617843 0)
(0.000312678 -0.00629199 0)
(0.000314506 -0.00640622 0)
(0.000316306 -0.00652111 0)
(0.000318076 -0.00663665 0)
(0.000319817 -0.00675283 0)
(0.000321529 -0.00686964 0)
(0.000323213 -0.00698706 0)
(0.000324867 -0.00710509 0)
(0.000326492 -0.00722372 0)
(0.000328088 -0.00734293 0)
(0.000329655 -0.00746272 0)
(0.000331193 -0.00758308 0)
(0.000332701 -0.00770398 0)
(0.000334181 -0.00782544 0)
(0.000335632 -0.00794742 0)
(0.000337053 -0.00806993 0)
(0.000338446 -0.00819295 0)
(0.000339809 -0.00831647 0)
(0.000341143 -0.00844048 0)
(0.000342448 -0.00856497 0)
(0.000343724 -0.00868993 0)
(0.000344971 -0.00881535 0)
(0.000346189 -0.00894121 0)
(0.000347378 -0.00906752 0)
(0.000348538 -0.00919425 0)
(0.000349669 -0.00932139 0)
(0.000350771 -0.00944895 0)
(0.000351844 -0.0095769 0)
(0.000352888 -0.00970523 0)
(0.000353904 -0.00983394 0)
(0.00035489 -0.00996301 0)
(0.000355847 -0.0100924 0)
(0.000356775 -0.0102222 0)
(0.000357674 -0.0103523 0)
(0.000358544 -0.0104827 0)
(0.000359384 -0.0106135 0)
(0.000360196 -0.0107445 0)
(0.000360979 -0.0108758 0)
(0.000361733 -0.0110074 0)
(0.000362458 -0.0111393 0)
(0.000363155 -0.0112714 0)
(0.000363822 -0.0114038 0)
(0.00036446 -0.0115364 0)
(0.000365069 -0.0116693 0)
(0.000365648 -0.0118023 0)
(0.000366199 -0.0119356 0)
(0.000366721 -0.012069 0)
(0.000367213 -0.0122027 0)
(0.000367677 -0.0123365 0)
(0.000368112 -0.0124705 0)
(0.000368518 -0.0126046 0)
(0.000368895 -0.0127389 0)
(0.000369244 -0.0128733 0)
(0.000369559 -0.0130078 0)
(0.000369849 -0.0131425 0)
(0.000370109 -0.0132772 0)
(0.000370341 -0.013412 0)
(0.000370544 -0.0135469 0)
(0.000370717 -0.0136819 0)
(0.000370861 -0.0138169 0)
(0.000370975 -0.013952 0)
(0.000371059 -0.0140871 0)
(0.00037111 -0.0142223 0)
(0.000371135 -0.0143575 0)
(2.58048e-06 -1.68854e-06 0)
(7.91639e-06 -4.10377e-06 0)
(1.33712e-05 -7.81848e-06 0)
(1.8713e-05 -1.29958e-05 0)
(2.40706e-05 -1.97613e-05 0)
(2.9376e-05 -2.81566e-05 0)
(3.46602e-05 -3.81796e-05 0)
(3.99068e-05 -4.98245e-05 0)
(4.51221e-05 -6.30804e-05 0)
(5.03024e-05 -7.79364e-05 0)
(5.5449e-05 -9.43817e-05 0)
(6.05612e-05 -0.000112406 0)
(6.56392e-05 -0.000131997 0)
(7.06829e-05 -0.000153146 0)
(7.56924e-05 -0.000175841 0)
(8.06675e-05 -0.000200073 0)
(8.56083e-05 -0.00022583 0)
(9.05148e-05 -0.000253102 0)
(9.53871e-05 -0.000281878 0)
(0.000100225 -0.000312149 0)
(0.000105029 -0.000343902 0)
(0.000109798 -0.000377129 0)
(0.000114533 -0.000411817 0)
(0.000119233 -0.000447958 0)
(0.0001239 -0.000485539 0)
(0.000128531 -0.000524551 0)
(0.000133128 -0.000564983 0)
(0.00013769 -0.000606823 0)
(0.000142218 -0.00065006 0)
(0.000146711 -0.000694684 0)
(0.000151171 -0.000740685 0)
(0.000155596 -0.000788052 0)
(0.000159991 -0.000836774 0)
(0.000164344 -0.000886845 0)
(0.000168699 -0.000938245 0)
(0.000172943 -0.000990974 0)
(0.000177145 -0.00104502 0)
(0.000181398 -0.00110036 0)
(0.000185575 -0.001157 0)
(0.000189729 -0.00121491 0)
(0.000193842 -0.0012741 0)
(0.000197923 -0.00133454 0)
(0.000201966 -0.00139624 0)
(0.000205978 -0.00145917 0)
(0.000209952 -0.00152333 0)
(0.000213897 -0.00158873 0)
(0.000217805 -0.00165533 0)
(0.00022168 -0.00172312 0)
(0.000225521 -0.0017921 0)
(0.000229328 -0.00186225 0)
(0.000233102 -0.00193357 0)
(0.000236841 -0.00200605 0)
(0.000240546 -0.00207967 0)
(0.000244216 -0.00215443 0)
(0.000247853 -0.00223031 0)
(0.000251454 -0.0023073 0)
(0.000255022 -0.0023854 0)
(0.000258555 -0.00246459 0)
(0.000262053 -0.00254486 0)
(0.000265517 -0.00262619 0)
(0.00026894 -0.0027086 0)
(0.000272335 -0.00279206 0)
(0.000275693 -0.00287655 0)
(0.00027902 -0.00296207 0)
(0.000282311 -0.00304861 0)
(0.00028557 -0.00313615 0)
(0.000288793 -0.0032247 0)
(0.000291983 -0.00331423 0)
(0.000295139 -0.00340473 0)
(0.00029826 -0.0034962 0)
(0.000301347 -0.00358863 0)
(0.000304399 -0.003682 0)
(0.000307418 -0.00377631 0)
(0.000310402 -0.00387154 0)
(0.000313352 -0.00396768 0)
(0.000316267 -0.00406472 0)
(0.000319149 -0.00416266 0)
(0.000321996 -0.00426148 0)
(0.000324808 -0.00436117 0)
(0.000327587 -0.00446171 0)
(0.000330331 -0.00456311 0)
(0.000333041 -0.00466535 0)
(0.000335716 -0.00476841 0)
(0.000338357 -0.0048723 0)
(0.000340964 -0.00497699 0)
(0.000343537 -0.00508248 0)
(0.000346075 -0.00518875 0)
(0.000348579 -0.0052958 0)
(0.000351049 -0.00540361 0)
(0.000353485 -0.00551218 0)
(0.000355886 -0.0056215 0)
(0.000358253 -0.00573155 0)
(0.000360585 -0.00584232 0)
(0.000362883 -0.0059538 0)
(0.000365147 -0.00606598 0)
(0.000367376 -0.00617886 0)
(0.000369571 -0.00629241 0)
(0.000371732 -0.00640663 0)
(0.000373858 -0.00652152 0)
(0.000375951 -0.00663705 0)
(0.000378009 -0.00675322 0)
(0.000380032 -0.00687002 0)
(0.000382022 -0.00698744 0)
(0.000383977 -0.00710547 0)
(0.000385897 -0.00722409 0)
(0.000387784 -0.0073433 0)
(0.000389636 -0.00746308 0)
(0.000391453 -0.00758342 0)
(0.000393236 -0.00770433 0)
(0.000394985 -0.00782577 0)
(0.0003967 -0.00794775 0)
(0.00039838 -0.00807025 0)
(0.000400025 -0.00819326 0)
(0.000401637 -0.00831678 0)
(0.000403213 -0.00844078 0)
(0.000404756 -0.00856526 0)
(0.000406264 -0.00869022 0)
(0.000407737 -0.00881563 0)
(0.000409177 -0.00894149 0)
(0.000410582 -0.00906778 0)
(0.000411953 -0.00919451 0)
(0.00041329 -0.00932165 0)
(0.000414592 -0.0094492 0)
(0.00041586 -0.00957714 0)
(0.000417094 -0.00970547 0)
(0.000418294 -0.00983417 0)
(0.00041946 -0.00996323 0)
(0.00042059 -0.0100927 0)
(0.000421687 -0.0102224 0)
(0.000422749 -0.0103525 0)
(0.000423778 -0.0104829 0)
(0.000424771 -0.0106137 0)
(0.000425731 -0.0107447 0)
(0.000426656 -0.010876 0)
(0.000427547 -0.0110076 0)
(0.000428404 -0.0111395 0)
(0.000429227 -0.0112716 0)
(0.000430015 -0.011404 0)
(0.000430769 -0.0115366 0)
(0.000431489 -0.0116694 0)
(0.000432174 -0.0118024 0)
(0.000432825 -0.0119357 0)
(0.000433441 -0.0120692 0)
(0.000434024 -0.0122028 0)
(0.000434572 -0.0123366 0)
(0.000435086 -0.0124706 0)
(0.000435565 -0.0126047 0)
(0.00043601 -0.012739 0)
(0.000436421 -0.0128734 0)
(0.000436796 -0.0130079 0)
(0.000437139 -0.0131425 0)
(0.000437447 -0.0132773 0)
(0.00043772 -0.0134121 0)
(0.00043796 -0.013547 0)
(0.000438165 -0.0136819 0)
(0.000438337 -0.013817 0)
(0.000438474 -0.013952 0)
(0.000438578 -0.0140872 0)
(0.000438647 -0.0142223 0)
(0.000438684 -0.0143575 0)
(3.49856e-06 -2.80044e-06 0)
(9.36885e-06 -5.36748e-06 0)
(1.56137e-05 -9.09879e-06 0)
(2.16976e-05 -1.42694e-05 0)
(2.78522e-05 -2.10343e-05 0)
(3.39592e-05 -2.94225e-05 0)
(4.00509e-05 -3.94392e-05 0)
(4.61024e-05 -5.10763e-05 0)
(5.21193e-05 -6.43243e-05 0)
(5.80964e-05 -7.91722e-05 0)
(6.40347e-05 -9.56094e-05 0)
(6.99334e-05 -0.000113625 0)
(7.57927e-05 -0.000133208 0)
(8.16123e-05 -0.000154349 0)
(8.73924e-05 -0.000177036 0)
(9.31329e-05 -0.00020126 0)
(9.88339e-05 -0.000227008 0)
(0.000104495 -0.000254272 0)
(0.000110117 -0.00028304 0)
(0.000115699 -0.000313302 0)
(0.000121242 -0.000345048 0)
(0.000126745 -0.000378266 0)
(0.000132208 -0.000412947 0)
(0.000137632 -0.000449079 0)
(0.000143016 -0.000486652 0)
(0.00014836 -0.000525655 0)
(0.000153664 -0.000566079 0)
(0.000158928 -0.00060791 0)
(0.000164152 -0.00065114 0)
(0.000169336 -0.000695756 0)
(0.000174482 -0.000741748 0)
(0.000179587 -0.000789107 0)
(0.000184657 -0.000837822 0)
(0.000189683 -0.000887886 0)
(0.000194679 -0.000939275 0)
(0.000199632 -0.000991981 0)
(0.000204486 -0.00104603 0)
(0.000209365 -0.00110137 0)
(0.000214182 -0.00115799 0)
(0.000218973 -0.0012159 0)
(0.000223718 -0.00127508 0)
(0.000228426 -0.00133552 0)
(0.000233092 -0.00139721 0)
(0.00023772 -0.00146013 0)
(0.00024231 -0.00152428 0)
(0.000246862 -0.00158967 0)
(0.00025137 -0.00165626 0)
(0.000255841 -0.00172404 0)
(0.000260273 -0.00179301 0)
(0.000264666 -0.00186316 0)
(0.00026902 -0.00193447 0)
(0.000273334 -0.00200694 0)
(0.000277609 -0.00208055 0)
(0.000281844 -0.0021553 0)
(0.00028604 -0.00223117 0)
(0.000290195 -0.00230816 0)
(0.000294312 -0.00238625 0)
(0.000298387 -0.00246543 0)
(0.000302421 -0.00254569 0)
(0.000306419 -0.00262701 0)
(0.000310374 -0.00270941 0)
(0.000314291 -0.00279286 0)
(0.000318165 -0.00287735 0)
(0.000322003 -0.00296286 0)
(0.000325801 -0.00304939 0)
(0.000329561 -0.00313693 0)
(0.00033328 -0.00322546 0)
(0.000336961 -0.00331498 0)
(0.000340602 -0.00340548 0)
(0.000344203 -0.00349695 0)
(0.000347765 -0.00358937 0)
(0.000351287 -0.00368273 0)
(0.00035477 -0.00377703 0)
(0.000358213 -0.00387225 0)
(0.000361617 -0.00396838 0)
(0.000364981 -0.00406542 0)
(0.000368305 -0.00416335 0)
(0.00037159 -0.00426215 0)
(0.000374836 -0.00436183 0)
(0.000378042 -0.00446237 0)
(0.000381208 -0.00456376 0)
(0.000384335 -0.00466599 0)
(0.000387422 -0.00476905 0)
(0.000390469 -0.00487293 0)
(0.000393477 -0.00497761 0)
(0.000396446 -0.00508309 0)
(0.000399375 -0.00518935 0)
(0.000402264 -0.00529639 0)
(0.000405114 -0.0054042 0)
(0.000407924 -0.00551276 0)
(0.000410694 -0.00562207 0)
(0.000413425 -0.00573211 0)
(0.000416117 -0.00584287 0)
(0.000418768 -0.00595434 0)
(0.000421379 -0.00606652 0)
(0.000423951 -0.00617938 0)
(0.000426484 -0.00629293 0)
(0.000428977 -0.00640715 0)
(0.000431431 -0.00652202 0)
(0.000433845 -0.00663755 0)
(0.00043622 -0.00675371 0)
(0.000438555 -0.0068705 0)
(0.000440851 -0.00698791 0)
(0.000443107 -0.00710593 0)
(0.000445323 -0.00722454 0)
(0.000447499 -0.00734374 0)
(0.000449636 -0.00746352 0)
(0.000451733 -0.00758386 0)
(0.000453791 -0.00770475 0)
(0.000455809 -0.00782619 0)
(0.000457788 -0.00794816 0)
(0.000459726 -0.00807065 0)
(0.000461625 -0.00819365 0)
(0.000463484 -0.00831716 0)
(0.000465303 -0.00844115 0)
(0.000467083 -0.00856563 0)
(0.000468823 -0.00869057 0)
(0.000470523 -0.00881598 0)
(0.000472184 -0.00894183 0)
(0.000473806 -0.00906812 0)
(0.000475388 -0.00919483 0)
(0.00047693 -0.00932196 0)
(0.000478433 -0.0094495 0)
(0.000479896 -0.00957744 0)
(0.00048132 -0.00970576 0)
(0.000482705 -0.00983445 0)
(0.000484049 -0.00996351 0)
(0.000485354 -0.0100929 0)
(0.000486619 -0.0102227 0)
(0.000487845 -0.0103528 0)
(0.000489031 -0.0104832 0)
(0.000490178 -0.0106139 0)
(0.000491285 -0.0107449 0)
(0.000492353 -0.0108762 0)
(0.000493381 -0.0110078 0)
(0.00049437 -0.0111397 0)
(0.000495319 -0.0112718 0)
(0.000496228 -0.0114041 0)
(0.000497098 -0.0115367 0)
(0.000497929 -0.0116696 0)
(0.000498719 -0.0118026 0)
(0.00049947 -0.0119359 0)
(0.000500182 -0.0120693 0)
(0.000500854 -0.0122029 0)
(0.000501486 -0.0123367 0)
(0.000502079 -0.0124707 0)
(0.000502632 -0.0126048 0)
(0.000503146 -0.0127391 0)
(0.00050362 -0.0128735 0)
(0.000504054 -0.013008 0)
(0.000504449 -0.0131426 0)
(0.000504803 -0.0132773 0)
(0.000505119 -0.0134121 0)
(0.000505396 -0.013547 0)
(0.000505633 -0.013682 0)
(0.000505832 -0.013817 0)
(0.000505993 -0.0139521 0)
(0.00050612 -0.0140872 0)
(0.000506211 -0.0142223 0)
(0.000506283 -0.0143575 0)
)
;

boundaryField
{
    top
    {
        type            solidTraction;
        traction        uniform (0 0 0);
        pressure        uniform 0;
        secondOrder     false;
        setEffectiveTraction false;
        relaxationFactor 1;
        value           nonuniform List<vector> 
160
(
(4.51955e-06 -3.48977e-06 0)
(1.01561e-05 -6.01651e-06 6.9926e-21)
(1.67264e-05 -9.75926e-06 -9.88311e-21)
(2.31895e-05 -1.4925e-05 -1.32511e-20)
(2.97464e-05 -2.16911e-05 5.33587e-21)
(3.62598e-05 -3.0076e-05 0)
(4.27576e-05 -4.00898e-05 0)
(4.92131e-05 -5.17228e-05 -1.13011e-20)
(5.56313e-05 -6.49668e-05 -1.12309e-20)
(6.2007e-05 -7.98105e-05 1.73667e-20)
(6.83413e-05 -9.62435e-05 -3.82502e-20)
(7.46333e-05 -0.000114255 -1.10098e-20)
(8.08832e-05 -0.000133834 4.52127e-20)
(8.70908e-05 -0.00015497 -3.01473e-36)
(9.32562e-05 -0.000177653 2.60406e-20)
(9.93794e-05 -0.000201872 -2.77401e-20)
(0.00010546 -0.000227617 5.38703e-35)
(0.000111499 -0.000254877 -6.2208e-20)
(0.000117496 -0.000283641 -1.04912e-20)
(0.00012345 -0.000313898 1.37684e-19)
(0.000129362 -0.00034564 1.03429e-20)
(0.000135232 -0.000378854 -7.53826e-20)
(0.00014106 -0.00041353 3.93089e-20)
(0.000146845 -0.000449658 4.59746e-20)
(0.000152588 -0.000487227 0)
(0.000158288 -0.000526226 9.97051e-21)
(0.000163946 -0.000566645 -9.13213e-20)
(0.00016956 -0.000608472 4.72184e-20)
(0.000175132 -0.000651697 5.85098e-20)
(0.000180662 -0.000696309 2.23366e-34)
(0.000186151 -0.000742297 6.14199e-20)
(0.000191597 -0.000789652 -1.01899e-19)
(0.000197005 -0.000838362 -5.48332e-20)
(0.000202365 -0.000888423 1.12636e-19)
(0.000207691 -0.000939808 6.70911e-20)
(0.000212977 -0.000992507 -5.01211e-20)
(0.00021816 -0.00104655 -1.16888e-19)
(0.00022336 -0.00110189 6.21506e-20)
(0.000228498 -0.00115851 1.36151e-19)
(0.000233608 -0.00121641 -1.25525e-19)
(0.00023867 -0.00127559 -1.32801e-19)
(0.000243692 -0.00133602 0)
(0.000248669 -0.0013977 1.38347e-19)
(0.000253605 -0.00146062 7.05415e-20)
(0.000258503 -0.00152477 -1.43819e-19)
(0.000263359 -0.00159015 -7.32615e-20)
(0.000268167 -0.00165674 0)
(0.000272935 -0.00172452 7.59135e-20)
(0.000277663 -0.00179349 8.1357e-20)
(0.000282348 -0.00186363 -7.85255e-20)
(0.000286992 -0.00193494 -7.98146e-20)
(0.000291594 -0.0020074 0)
(0.000296154 -0.00208101 0)
(0.000300671 -0.00215575 -1.67223e-19)
(0.000305147 -0.00223162 -7.82018e-21)
(0.00030958 -0.0023086 1.72168e-19)
(0.00031397 -0.00238669 0)
(0.000318317 -0.00246587 -1.77014e-19)
(0.000322619 -0.00254612 -1.86914e-19)
(0.000326885 -0.00262744 1.70592e-19)
(0.000331106 -0.00270983 1.84131e-19)
(0.000335282 -0.00279328 0)
(0.000339415 -0.00287776 0)
(0.000343509 -0.00296327 -1.91006e-19)
(0.00034756 -0.00304979 -1.06146e-20)
(0.00035157 -0.00313733 1.9548e-19)
(0.000355537 -0.00322586 0)
(0.000359463 -0.00331538 -1.99862e-19)
(0.000363347 -0.00340587 -2.088e-19)
(0.000367188 -0.00349733 1.97443e-19)
(0.000370988 -0.00358975 2.0626e-19)
(0.000374745 -0.0036831 0)
(0.00037846 -0.0037774 0)
(0.000382132 -0.00387261 -2.12446e-19)
(0.000385763 -0.00396874 -6.33715e-21)
(0.000389351 -0.00406578 9.60899e-33)
(0.000392897 -0.0041637 -6.18899e-21)
(0.000396401 -0.0042625 7.82222e-33)
(0.000399863 -0.00436218 -2.2833e-19)
(0.000403283 -0.00446272 3.30314e-19)
(0.00040666 -0.0045641 2.9463e-21)
(0.000409995 -0.00466633 -1.22684e-19)
(0.000413288 -0.00476938 2.29741e-19)
(0.000416539 -0.00487325 -2.31546e-19)
(0.000419748 -0.00497793 -8.39429e-21)
(0.000422914 -0.0050834 2.35084e-19)
(0.000426038 -0.00518966 0)
(0.00042912 -0.0052967 0)
(0.00043216 -0.0054045 -2.40217e-19)
(0.000435157 -0.00551306 1.15715e-19)
(0.000438113 -0.00562236 2.57575e-21)
(0.000441025 -0.0057324 -1.27646e-19)
(0.000443896 -0.00584316 2.46732e-19)
(0.000446724 -0.00595463 -2.48301e-19)
(0.000449509 -0.0060668 -4.85356e-21)
(0.000452253 -0.00617966 2.51367e-19)
(0.000454954 -0.0062932 0)
(0.000457614 -0.00640741 1.27172e-19)
(0.000460231 -0.00652228 -2.55797e-19)
(0.000462806 -0.00663781 -1.35339e-19)
(0.000465339 -0.00675396 2.58632e-19)
(0.00046783 -0.00687075 0)
(0.000470279 -0.00698816 0)
(0.000472685 -0.00710617 -2.62712e-19)
(0.000475049 -0.00722478 -6.1699e-21)
(0.000477371 -0.00734397 4.71292e-33)
(0.00047965 -0.00746374 -3.96463e-21)
(0.000481887 -0.00758408 2.67821e-19)
(0.000484082 -0.00770497 -2.6904e-19)
(0.000486235 -0.0078264 1.31375e-19)
(0.000488345 -0.00794836 2.73241e-19)
(0.000490413 -0.00807085 -1.36278e-19)
(0.000492439 -0.00819385 0)
(0.000494422 -0.00831735 0)
(0.000496362 -0.00844135 0)
(0.00049826 -0.00856582 0)
(0.000500116 -0.00869076 0)
(0.00050193 -0.00881616 0)
(0.000503702 -0.008942 -2.79932e-19)
(0.000505431 -0.00906829 1.37446e-19)
(0.000507119 -0.009195 2.83291e-19)
(0.000508764 -0.00932213 -1.41371e-19)
(0.000510367 -0.00944966 0)
(0.000511928 -0.00957759 -2.84498e-19)
(0.000513447 -0.00970591 1.38726e-19)
(0.000514923 -0.0098346 2.8744e-19)
(0.000516358 -0.00996365 -1.43479e-19)
(0.000517749 -0.0100931 1.43865e-19)
(0.000519099 -0.0102228 -2.87313e-19)
(0.000520407 -0.0103529 -1.46861e-19)
(0.000521672 -0.0104833 2.89907e-19)
(0.000522895 -0.010614 0)
(0.000524076 -0.010745 0)
(0.000525215 -0.0108763 0)
(0.000526312 -0.0110079 2.92483e-19)
(0.000527366 -0.0111398 1.48349e-19)
(0.000528379 -0.0112719 -2.93629e-19)
(0.000529348 -0.0114042 1.47083e-19)
(0.000530277 -0.0115368 1.59212e-21)
(0.000531162 -0.0116696 -2.95175e-19)
(0.000532006 -0.0118027 1.47822e-19)
(0.000532807 -0.0119359 2.62865e-33)
(0.000533566 -0.0120694 -1.48255e-19)
(0.000534282 -0.012203 -2.96907e-19)
(0.000534957 -0.0123368 -1.14734e-21)
(0.000535589 -0.0124708 4.46449e-19)
(0.000536179 -0.0126049 4.99473e-22)
(0.000536727 -0.0127391 -5.13159e-37)
(0.000537233 -0.0128735 -2.98544e-19)
(0.000537696 -0.013008 -1.50566e-19)
(0.000538117 -0.0131426 2.99037e-19)
(0.000538496 -0.0132774 0)
(0.000538833 -0.0134122 0)
(0.000539127 -0.0135471 0)
(0.000539381 -0.013682 2.99736e-19)
(0.000539593 -0.013817 1.50263e-19)
(0.000539765 -0.0139521 -2.99817e-19)
(0.000539901 -0.0140872 1.50019e-19)
(0.000540006 -0.0142223 -3.00005e-19)
(0.000540111 -0.0143575 -6.01039e-19)
)
;
        gradient        nonuniform List<vector> 
160
(
(0.000326718 -0.000220584 0)
(0.000251935 -0.000207688 2.23763e-18)
(0.000356077 -0.00021135 -3.1626e-18)
(0.00047742 -0.000209803 -4.24034e-18)
(0.000606124 -0.000210199 1.70748e-18)
(0.000736198 -0.00020912 0)
(0.000866152 -0.00020817 0)
(0.000995403 -0.000206888 -3.61636e-18)
(0.00112384 -0.00020561 -3.5939e-18)
(0.0012514 -0.000204264 5.55734e-18)
(0.00137811 -0.000202921 -1.22401e-17)
(0.00150396 -0.000201565 -3.52315e-18)
(0.00162896 -0.00020021 1.44681e-17)
(0.00175311 -0.000198853 -9.64713e-34)
(0.00187642 -0.000197496 8.33299e-18)
(0.00199888 -0.000196139 -8.87683e-18)
(0.0021205 -0.000194783 1.72385e-32)
(0.00224128 -0.000193426 -1.99066e-17)
(0.00236121 -0.000192069 -3.35718e-18)
(0.0024803 -0.000190712 4.4059e-17)
(0.00259854 -0.000189354 3.30972e-18)
(0.00271594 -0.000187996 -2.41224e-17)
(0.0028325 -0.000186635 1.25788e-17)
(0.00294821 -0.000185272 1.47119e-17)
(0.00306307 -0.000183906 0)
(0.00317707 -0.000182536 3.19056e-18)
(0.0032902 -0.000181164 -2.92228e-17)
(0.00340245 -0.000179793 1.51099e-17)
(0.0035138 -0.000178426 1.87231e-17)
(0.00362432 -0.00017709 7.14772e-32)
(0.00373407 -0.000175738 1.96544e-17)
(0.00384294 -0.000174434 -3.26076e-17)
(0.00395115 -0.00017307 -1.75466e-17)
(0.00405813 -0.000171802 3.60434e-17)
(0.00416381 -0.000170554 2.14691e-17)
(0.00427035 -0.000168117 -1.60388e-17)
(0.00437561 -0.000166846 -3.74042e-17)
(0.00447843 -0.000166219 1.98882e-17)
(0.00458117 -0.000164708 4.35683e-17)
(0.00468339 -0.000163472 -4.01681e-17)
(0.00478464 -0.000162065 -4.24962e-17)
(0.00488507 -0.000160701 0)
(0.00498446 -0.000159324 4.42709e-17)
(0.00508305 -0.000158024 2.25733e-17)
(0.00518162 -0.000156711 -4.60221e-17)
(0.00527905 -0.000155315 -2.34437e-17)
(0.00537489 -0.000153929 0)
(0.00547014 -0.000152621 2.42923e-17)
(0.00556467 -0.000151282 2.60342e-17)
(0.00565836 -0.00014994 -2.51282e-17)
(0.00575124 -0.000148594 -2.55407e-17)
(0.00584328 -0.000147241 0)
(0.00593448 -0.000145887 0)
(0.00602483 -0.000144531 -5.35113e-17)
(0.00611435 -0.000143168 -2.50246e-18)
(0.00620299 -0.000141804 5.50936e-17)
(0.0062908 -0.00014043 0)
(0.00637762 -0.00013902 -5.66446e-17)
(0.00646328 -0.000137697 -5.98126e-17)
(0.00654891 -0.000136342 5.45894e-17)
(0.00663402 -0.000134937 5.89219e-17)
(0.00671736 -0.000133554 0)
(0.00679984 -0.000132217 0)
(0.00688171 -0.000130902 -6.11218e-17)
(0.00696271 -0.000129552 -3.39669e-18)
(0.00704291 -0.000128214 6.25536e-17)
(0.00712227 -0.000126859 0)
(0.00720079 -0.000125509 -6.39559e-17)
(0.00727847 -0.000124153 -6.68159e-17)
(0.0073553 -0.000122798 6.31818e-17)
(0.00743129 -0.000121442 6.60031e-17)
(0.00750643 -0.000120087 0)
(0.00758073 -0.000118731 0)
(0.00765418 -0.000117375 -6.79828e-17)
(0.00772679 -0.000116018 -2.02789e-18)
(0.00779856 -0.000114662 3.07488e-30)
(0.00786948 -0.000113306 -1.98048e-18)
(0.00793956 -0.00011195 2.50311e-30)
(0.0080088 -0.000110593 -7.30655e-17)
(0.00807719 -0.000109237 1.057e-16)
(0.00814473 -0.00010788 9.42817e-19)
(0.00821144 -0.000106523 -3.9259e-17)
(0.00827729 -0.000105166 7.35171e-17)
(0.00834231 -0.00010381 -7.40946e-17)
(0.00840648 -0.000102453 -2.68617e-18)
(0.0084698 -0.000101097 7.52269e-17)
(0.00853228 -9.97406e-05 0)
(0.00859392 -9.83844e-05 0)
(0.00865472 -9.70277e-05 -7.68693e-17)
(0.00871467 -9.56704e-05 3.70287e-17)
(0.00877378 -9.43116e-05 8.24241e-19)
(0.00883204 -9.295e-05 -4.08468e-17)
(0.00888944 -9.15873e-05 7.89541e-17)
(0.00894599 -9.02196e-05 -7.94563e-17)
(0.00900163 -8.88579e-05 -1.55314e-18)
(0.00905646 -8.7511e-05 8.04375e-17)
(0.0091105 -8.61609e-05 0)
(0.00916369 -8.48055e-05 4.0695e-17)
(0.00921605 -8.34495e-05 -8.18549e-17)
(0.00926755 -8.20925e-05 -4.33085e-17)
(0.00931821 -8.07365e-05 8.27624e-17)
(0.00936804 -7.93821e-05 0)
(0.00941703 -7.80284e-05 0)
(0.00946519 -7.6668e-05 -8.40678e-17)
(0.00951249 -7.53048e-05 -1.97437e-18)
(0.00955893 -7.39434e-05 1.50813e-30)
(0.00960452 -7.25837e-05 -1.26868e-18)
(0.00964927 -7.12259e-05 8.57027e-17)
(0.00969317 -6.98693e-05 -8.60927e-17)
(0.00973625 -6.85119e-05 4.20401e-17)
(0.00977848 -6.71493e-05 8.74372e-17)
(0.00981985 -6.57842e-05 -4.36089e-17)
(0.00986036 -6.44202e-05 0)
(0.00990002 -6.30573e-05 0)
(0.00993883 -6.16966e-05 0)
(0.00997679 -6.03376e-05 0)
(0.0100139 -5.89798e-05 0)
(0.0100502 -5.76231e-05 0)
(0.0100856 -5.62671e-05 -8.95782e-17)
(0.0101202 -5.49119e-05 4.39829e-17)
(0.0101539 -5.35577e-05 9.06531e-17)
(0.0101868 -5.22038e-05 -4.52387e-17)
(0.0102189 -5.08509e-05 0)
(0.0102501 -4.94968e-05 -9.10395e-17)
(0.0102805 -4.81422e-05 4.43925e-17)
(0.0103101 -4.67835e-05 9.19807e-17)
(0.0103388 -4.54188e-05 -4.59133e-17)
(0.0103666 -4.40601e-05 4.60368e-17)
(0.0103936 -4.27048e-05 -9.19401e-17)
(0.0104197 -4.1348e-05 -4.69955e-17)
(0.010445 -3.99919e-05 9.27703e-17)
(0.0104695 -3.86374e-05 0)
(0.0104931 -3.72819e-05 0)
(0.0105159 -3.59316e-05 0)
(0.0105378 -3.45783e-05 9.35947e-17)
(0.0105589 -3.32194e-05 4.74717e-17)
(0.0105791 -3.18589e-05 -9.39614e-17)
(0.0105985 -3.05034e-05 4.70667e-17)
(0.0106171 -2.91491e-05 5.09479e-19)
(0.0106348 -2.77857e-05 -9.44561e-17)
(0.0106517 -2.64281e-05 4.73029e-17)
(0.0106677 -2.50718e-05 8.41168e-31)
(0.0106829 -2.37158e-05 -4.74415e-17)
(0.0106972 -2.23599e-05 -9.50103e-17)
(0.0107107 -2.10044e-05 -3.67148e-19)
(0.0107233 -1.96471e-05 1.42864e-16)
(0.0107351 -1.82855e-05 1.59832e-19)
(0.010746 -1.69319e-05 -1.64211e-34)
(0.0107562 -1.55653e-05 -9.55342e-17)
(0.0107655 -1.42071e-05 -4.81812e-17)
(0.0107739 -1.28559e-05 9.56917e-17)
(0.0107815 -1.15013e-05 0)
(0.0107882 -1.01559e-05 0)
(0.0107941 -8.80867e-06 0)
(0.0107991 -7.47879e-06 9.59155e-17)
(0.0108033 -6.17059e-06 4.80841e-17)
(0.0108069 -4.93534e-06 -9.59415e-17)
(0.01081 -3.7416e-06 4.8006e-17)
(0.0108142 -2.79172e-06 -9.60015e-17)
(0.0108251 -1.43013e-06 -1.92333e-16)
)
;
    }
    left
    {
        type            fixedDisplacement;
        value           uniform (0 0 0);
    }
    right
    {
        type            solidTraction;
        traction        uniform (0 -1e+06 0);
        pressure        uniform 0;
        secondOrder     false;
        setEffectiveTraction false;
        relaxationFactor 1;
        value           nonuniform List<vector> 
16
(
(-0.000506315 -0.0144252 1.20131e-18)
(-0.000438719 -0.0144252 1.20029e-18)
(-0.00037117 -0.0144251 1.19963e-18)
(-0.000303653 -0.0144251 -5.99575e-19)
(-0.000236157 -0.014425 -2.39757e-18)
(-0.000168677 -0.014425 -5.99279e-19)
(-0.000101207 -0.014425 1.1984e-18)
(-3.3744e-05 -0.014425 5.99149e-19)
(3.37169e-05 -0.014425 -1.19831e-18)
(0.00010118 -0.014425 5.99199e-19)
(0.000168649 -0.014425 1.19861e-18)
(0.00023613 -0.014425 0)
(0.000303626 -0.0144251 8.07319e-23)
(0.000371144 -0.0144251 9.35333e-23)
(0.000438693 -0.0144252 1.20035e-18)
(0.000506289 -0.0144252 1.20168e-18)
)
;
        gradient        nonuniform List<vector> 
16
(
(-9.60437e-07 -0.0108334 1.92209e-16)
(-1.31877e-06 -0.0108248 1.92047e-16)
(-1.4042e-06 -0.0108184 1.91942e-16)
(-1.40361e-06 -0.010814 -9.5932e-17)
(-1.2263e-06 -0.0108109 -3.83612e-16)
(-9.57845e-07 -0.0108086 -9.58846e-17)
(-6.02191e-07 -0.0108072 1.91744e-16)
(-2.06051e-07 -0.0108065 9.58639e-17)
(2.08808e-07 -0.0108065 -1.9173e-16)
(6.04936e-07 -0.0108072 9.58719e-17)
(9.59614e-07 -0.0108087 1.91778e-16)
(1.22695e-06 -0.0108109 0)
(1.4036e-06 -0.010814 1.29171e-20)
(1.40413e-06 -0.0108184 1.49653e-20)
(1.31885e-06 -0.0108248 1.92057e-16)
(9.60865e-07 -0.0108334 1.92269e-16)
)
;
    }
    bottom
    {
        type            solidTraction;
        traction        uniform (0 0 0);
        pressure        uniform 0;
        secondOrder     false;
        setEffectiveTraction false;
        relaxationFactor 1;
        value           nonuniform List<vector> 
160
(
(-4.51943e-06 -3.48966e-06 0)
(-1.01559e-05 -6.01634e-06 6.99249e-21)
(-1.67261e-05 -9.75906e-06 9.88306e-21)
(-2.31891e-05 -1.49248e-05 -1.7723e-21)
(-2.97458e-05 -2.16909e-05 -1.68233e-20)
(-3.62591e-05 -3.00757e-05 0)
(-4.27567e-05 -4.00895e-05 0)
(-4.92121e-05 -5.17225e-05 2.7628e-20)
(-5.56302e-05 -6.49666e-05 3.11928e-20)
(-6.20057e-05 -7.98103e-05 -3.47334e-20)
(-6.83399e-05 -9.62433e-05 -3.82502e-20)
(-7.46318e-05 -0.000114255 -1.10096e-20)
(-8.08815e-05 -0.000133834 0)
(-8.7089e-05 -0.00015497 -1.08614e-20)
(-9.32543e-05 -0.000177653 0)
(-9.93773e-05 -0.000201872 0)
(-0.000105458 -0.000227617 -1.06391e-20)
(-0.000111497 -0.000254876 0)
(-0.000117493 -0.00028364 -1.04909e-20)
(-0.000123448 -0.000313898 0)
(-0.00012936 -0.000345639 1.03428e-20)
(-0.00013523 -0.000378853 -7.5382e-20)
(-0.000141057 -0.000413529 0)
(-0.000146843 -0.000449656 8.68891e-20)
(-0.000152586 -0.000487225 0)
(-0.000158289 -0.000526223 9.97261e-21)
(-0.000163945 -0.000566645 -8.63731e-20)
(-0.000169559 -0.000608468 -4.19115e-34)
(-0.000175134 -0.000651677 1.07269e-19)
(-0.000180646 -0.000696301 0)
(-0.000186135 -0.000742301 0)
(-0.000191571 -0.000789655 -9.71466e-20)
(-0.000196976 -0.000838367 1.63897e-37)
(-0.000202334 -0.000888424 1.22011e-19)
(-0.000207652 -0.000939815 0)
(-0.000212926 -0.000992529 0)
(-0.000218158 -0.00104656 -1.21419e-19)
(-0.000223349 -0.00110189 -3.14888e-37)
(-0.000228497 -0.00115851 1.36159e-19)
(-0.000233604 -0.00121641 -1.29991e-19)
(-0.000238669 -0.00127558 1.32803e-19)
(-0.000243692 -0.00133602 -4.8172e-33)
(-0.000248673 -0.00139771 -1.38358e-19)
(-0.000253612 -0.00146063 0)
(-0.000258507 -0.00152479 -1.43815e-19)
(-0.00026336 -0.00159016 2.93011e-19)
(-0.000268172 -0.00165674 0)
(-0.000272942 -0.00172452 2.69694e-33)
(-0.000277671 -0.00179348 1.653e-20)
(-0.000282357 -0.00186363 -3.14102e-19)
(-0.000287002 -0.00193494 3.19258e-19)
(-0.000291604 -0.0020074 -8.58528e-33)
(-0.000296163 -0.00208101 -1.64715e-19)
(-0.000300681 -0.00215575 -7.89456e-21)
(-0.000305157 -0.00223162 -1.77528e-19)
(-0.00030959 -0.0023086 3.40464e-19)
(-0.00031398 -0.00238669 0)
(-0.000318329 -0.00246587 -1.7702e-19)
(-0.000322634 -0.00254613 -1.59347e-33)
(-0.000326897 -0.00262746 -1.85496e-19)
(-0.000331118 -0.00270984 3.64541e-19)
(-0.000335297 -0.00279328 -1.31807e-32)
(-0.000339434 -0.00287776 -1.88731e-19)
(-0.000343529 -0.00296327 -7.1524e-21)
(-0.000347582 -0.00304979 -2.00332e-19)
(-0.000351592 -0.00313733 3.90961e-19)
(-0.00035556 -0.00322586 -4.80843e-37)
(-0.000359486 -0.00331538 3.55003e-33)
(-0.00036337 -0.00340587 6.7814e-21)
(-0.000367211 -0.00349733 -4.11655e-19)
(-0.00037101 -0.00358974 2.02943e-19)
(-0.000374767 -0.0036831 1.13783e-37)
(-0.000378482 -0.0037774 1.86902e-33)
(-0.000382155 -0.00387261 -6.41102e-21)
(-0.000385785 -0.00396874 -2.20798e-19)
(-0.000389373 -0.00406578 4.29776e-19)
(-0.000392919 -0.0041637 -1.54426e-32)
(-0.000396423 -0.0042625 -7.75093e-33)
(-0.000399885 -0.00436218 -3.94843e-33)
(-0.000403304 -0.00446272 -4.51357e-19)
(-0.000406682 -0.0045641 -2.94622e-21)
(-0.000410017 -0.00466633 4.50008e-19)
(-0.00041331 -0.00476938 5.74422e-21)
(-0.00041656 -0.00487325 -4.65926e-19)
(-0.000419769 -0.00497793 -5.59602e-21)
(-0.000422935 -0.0050834 -5.52192e-21)
(-0.000426059 -0.00518966 2.31371e-19)
(-0.000429141 -0.0052967 -5.59313e-37)
(-0.00043218 -0.0054045 -2.42866e-19)
(-0.000435178 -0.00551306 -5.2253e-21)
(-0.000438133 -0.00562236 -2.57541e-21)
(-0.000441045 -0.0057324 4.85199e-19)
(-0.000443915 -0.00584315 4.99976e-21)
(-0.00044674 -0.00595462 -4.99044e-19)
(-0.000449528 -0.00606679 -2.4279e-21)
(-0.000452271 -0.00617965 -4.77634e-21)
(-0.000454971 -0.0062932 5.03396e-19)
(-0.000457627 -0.00640741 4.62948e-21)
(-0.000460244 -0.00652228 -5.16151e-19)
(-0.000462817 -0.00663781 -2.24262e-21)
(-0.000465354 -0.00675396 -2.20678e-21)
(-0.000467844 -0.00687076 2.5568e-19)
(-0.0004703 -0.00698817 -4.26229e-21)
(-0.000472705 -0.00710617 -2.66885e-19)
(-0.000475069 -0.00722478 -4.1146e-21)
(-0.000477392 -0.00734397 -2.01821e-21)
(-0.000479668 -0.00746374 5.31171e-19)
(-0.000481909 -0.00758408 3.88417e-21)
(-0.000484099 -0.00770497 -5.40015e-19)
(-0.000486272 -0.00782641 -1.88781e-21)
(-0.000488378 -0.00794837 -1.83216e-21)
(-0.000490442 -0.00807085 5.41522e-19)
(-0.000492467 -0.00819385 3.51637e-21)
(-0.000494448 -0.00831735 -5.51281e-19)
(-0.000496389 -0.00844135 -3.36925e-21)
(-0.000498286 -0.00856582 -1.64756e-21)
(-0.000500142 -0.00869076 5.52661e-19)
(-0.000501956 -0.00881616 3.14721e-21)
(-0.000503727 -0.008942 -5.62937e-19)
(-0.000505457 -0.00906829 -2.99886e-21)
(-0.000507144 -0.009195 -2.92505e-21)
(-0.000508789 -0.00932213 5.64058e-19)
(-0.00051039 -0.00944966 2.77757e-21)
(-0.000511953 -0.00957759 -5.71693e-19)
(-0.000513468 -0.00970591 -1.31801e-21)
(-0.000514958 -0.0098346 -1.28827e-21)
(-0.000516389 -0.00996365 2.85714e-19)
(-0.000517779 -0.0100931 -1.02224e-32)
(-0.000519127 -0.0102228 -2.90811e-19)
(-0.000520433 -0.0103529 -1.12828e-21)
(-0.000521698 -0.0104833 -1.09182e-21)
(-0.00052292 -0.010614 5.80116e-19)
(-0.000524101 -0.010745 2.03614e-21)
(-0.00052524 -0.0108763 -5.84728e-19)
(-0.000526337 -0.0110079 -1.8884e-21)
(-0.000527391 -0.0111398 -9.0716e-22)
(-0.000528403 -0.0112719 5.8639e-19)
(-0.000529373 -0.0114042 1.666e-21)
(-0.000530301 -0.0115368 -5.90162e-19)
(-0.000531187 -0.0116696 -1.51804e-21)
(-0.00053203 -0.0118027 -7.21924e-22)
(-0.000532832 -0.0119359 5.91491e-19)
(-0.000533591 -0.0120694 1.2955e-21)
(-0.000534307 -0.012203 -5.95036e-19)
(-0.000534982 -0.0123368 -5.73629e-22)
(-0.000535614 -0.0124708 -1.07311e-21)
(-0.000536204 -0.0126049 2.97461e-19)
(-0.000536752 -0.0127391 2.64912e-32)
(-0.000537258 -0.0128735 -2.9897e-19)
(-0.000537721 -0.013008 -3.88368e-22)
(-0.000538143 -0.0131426 -7.02746e-22)
(-0.000538522 -0.0132774 2.98617e-19)
(-0.000538859 -0.0134122 5.37217e-33)
(-0.000539154 -0.0135471 -3.00078e-19)
(-0.000539407 -0.013682 -4.08369e-22)
(-0.000539619 -0.013817 -1.68219e-22)
(-0.000539791 -0.0139521 5.99634e-19)
(-0.000539928 -0.0140872 2.01318e-22)
(-0.000540032 -0.0142223 -6.0038e-19)
(-0.000540138 -0.0143575 -1.24403e-22)
)
;
        gradient        nonuniform List<vector> 
160
(
(-0.000326708 -0.000220579 0)
(-0.000251931 -0.000207684 2.2376e-18)
(-0.000356075 -0.000211346 3.16258e-18)
(-0.000477419 -0.000209799 -5.67137e-19)
(-0.000606123 -0.000210194 -5.38345e-18)
(-0.000736198 -0.000209115 0)
(-0.000866151 -0.000208166 0)
(-0.000995403 -0.000206883 8.84095e-18)
(-0.00112384 -0.000205605 9.98169e-18)
(-0.0012514 -0.00020426 -1.11147e-17)
(-0.00137811 -0.000202916 -1.22401e-17)
(-0.00150396 -0.00020156 -3.52307e-18)
(-0.00162896 -0.000200205 0)
(-0.00175311 -0.000198848 -3.47566e-18)
(-0.00187642 -0.000197491 0)
(-0.00199888 -0.000196134 0)
(-0.0021205 -0.000194778 -3.40452e-18)
(-0.00224127 -0.000193421 0)
(-0.0023612 -0.000192065 -3.3571e-18)
(-0.00248029 -0.000190708 0)
(-0.00259853 -0.000189354 3.30971e-18)
(-0.00271592 -0.000187996 -2.41222e-17)
(-0.00283247 -0.000186649 0)
(-0.00294819 -0.000185285 2.78045e-17)
(-0.00306304 -0.000183955 0)
(-0.00317714 -0.000182564 3.19124e-18)
(-0.00329012 -0.000181173 -2.76394e-17)
(-0.00340165 -0.000179834 -1.34117e-31)
(-0.0035137 -0.000178073 3.43262e-17)
(-0.00362529 -0.000176756 0)
(-0.00373448 -0.000175622 0)
(-0.00384297 -0.00017424 -3.10869e-17)
(-0.00395107 -0.00017298 5.24469e-35)
(-0.00405824 -0.000171585 3.90436e-17)
(-0.00416457 -0.000170234 0)
(-0.00427 -0.000168859 0)
(-0.00437459 -0.000167511 -3.88541e-17)
(-0.00447836 -0.000166161 -1.00764e-34)
(-0.00458131 -0.000164816 4.3571e-17)
(-0.00468343 -0.000163471 -4.15972e-17)
(-0.00478474 -0.000162127 4.2497e-17)
(-0.00488522 -0.000160777 -1.5415e-30)
(-0.00498486 -0.000159425 -4.42744e-17)
(-0.00508367 -0.000158056 0)
(-0.0051815 -0.000156678 -4.60209e-17)
(-0.00527841 -0.000155336 9.37635e-17)
(-0.00537463 -0.000154005 0)
(-0.00547004 -0.00015266 8.6302e-31)
(-0.00556461 -0.000151312 5.2896e-18)
(-0.00565835 -0.000149958 -1.00513e-16)
(-0.00575124 -0.000148602 1.02163e-16)
(-0.00584329 -0.000147246 -2.74729e-30)
(-0.00593449 -0.000145888 -5.27089e-17)
(-0.00602485 -0.000144531 -2.52626e-18)
(-0.00611436 -0.000143173 -5.68089e-17)
(-0.00620303 -0.000141813 1.08949e-16)
(-0.00629084 -0.000140449 0)
(-0.0063778 -0.000139083 -5.66462e-17)
(-0.00646389 -0.000137709 -5.09911e-31)
(-0.00654905 -0.000136345 -5.93588e-17)
(-0.00663341 -0.000135003 1.16653e-16)
(-0.006717 -0.000133656 -4.21783e-30)
(-0.00679975 -0.0001323 -6.03939e-17)
(-0.00688166 -0.000130944 -2.28877e-18)
(-0.00696272 -0.000129584 -6.41064e-17)
(-0.00704293 -0.000128225 1.25108e-16)
(-0.00712229 -0.000126866 -1.5387e-34)
(-0.00720081 -0.000125509 1.13601e-30)
(-0.00727848 -0.000124152 2.17005e-18)
(-0.00735531 -0.000122795 -1.3173e-16)
(-0.00743129 -0.000121439 6.49418e-17)
(-0.00750643 -0.000120083 3.64106e-35)
(-0.00758073 -0.000118727 5.98086e-31)
(-0.00765418 -0.000117371 -2.05153e-18)
(-0.00772679 -0.000116015 -7.06555e-17)
(-0.00779856 -0.000114659 1.37528e-16)
(-0.00786948 -0.000113303 -4.94165e-30)
(-0.00793956 -0.000111946 -2.4803e-30)
(-0.0080088 -0.00011059 -1.2635e-30)
(-0.00807719 -0.000109233 -1.44434e-16)
(-0.00814473 -0.000107877 -9.42789e-19)
(-0.00821144 -0.00010652 1.44003e-16)
(-0.0082773 -0.000105163 1.83815e-18)
(-0.00834231 -0.000103807 -1.49096e-16)
(-0.00840648 -0.00010245 -1.79073e-18)
(-0.0084698 -0.000101093 -1.76701e-18)
(-0.00853228 -9.97373e-05 7.40386e-17)
(-0.00859392 -9.83797e-05 -1.7898e-34)
(-0.00865471 -9.70235e-05 -7.77172e-17)
(-0.00871467 -9.56621e-05 -1.6721e-18)
(-0.00877376 -9.43009e-05 -8.24131e-19)
(-0.00883201 -9.29327e-05 1.55264e-16)
(-0.00888933 -9.1541e-05 1.59992e-18)
(-0.00894559 -9.02065e-05 -1.59694e-16)
(-0.00900154 -8.88506e-05 -7.76927e-19)
(-0.00905686 -8.74643e-05 -1.52843e-18)
(-0.00911073 -8.60882e-05 1.61087e-16)
(-0.00916374 -8.47549e-05 1.48143e-18)
(-0.00921607 -8.34163e-05 -1.65168e-16)
(-0.00926752 -8.21132e-05 -7.17637e-19)
(-0.00931837 -8.07617e-05 -7.06171e-19)
(-0.00936843 -7.95085e-05 8.18176e-17)
(-0.00941696 -7.81779e-05 -1.36393e-18)
(-0.00946482 -7.66363e-05 -8.54031e-17)
(-0.00951243 -7.52973e-05 -1.31667e-18)
(-0.00955894 -7.39086e-05 -6.45826e-19)
(-0.00960443 -7.25943e-05 1.69975e-16)
(-0.00964927 -7.11858e-05 1.24293e-18)
(-0.00969357 -7.0134e-05 -1.72805e-16)
(-0.00973638 -6.88279e-05 -6.04098e-19)
(-0.00977816 -6.7017e-05 -5.8629e-19)
(-0.00981978 -6.57003e-05 1.73287e-16)
(-0.00986039 -6.43826e-05 1.12524e-18)
(-0.00989999 -6.30201e-05 -1.7641e-16)
(-0.00993881 -6.16841e-05 -1.07816e-18)
(-0.00997677 -6.03262e-05 -5.27218e-19)
(-0.0100139 -5.89756e-05 1.76852e-16)
(-0.0100502 -5.7618e-05 1.00711e-18)
(-0.0100856 -5.62637e-05 -1.8014e-16)
(-0.0101202 -5.49024e-05 -9.59637e-19)
(-0.0101539 -5.35518e-05 -9.36015e-19)
(-0.0101868 -5.21767e-05 1.80498e-16)
(-0.0102188 -5.08587e-05 8.88823e-19)
(-0.0102501 -4.94435e-05 -1.82942e-16)
(-0.0102807 -4.82944e-05 -4.21762e-19)
(-0.01031 -4.69811e-05 -4.12246e-19)
(-0.0103386 -4.53258e-05 9.14284e-17)
(-0.0103667 -4.39952e-05 -3.27117e-30)
(-0.0103936 -4.26554e-05 -9.30595e-17)
(-0.0104197 -4.13133e-05 -3.61051e-19)
(-0.010445 -3.99788e-05 -3.49383e-19)
(-0.0104695 -3.86252e-05 1.85637e-16)
(-0.0104931 -3.72775e-05 6.51566e-19)
(-0.0105159 -3.59228e-05 -1.87113e-16)
(-0.0105378 -3.45723e-05 -6.04289e-19)
(-0.0105589 -3.3214e-05 -2.90291e-19)
(-0.0105791 -3.18532e-05 1.87645e-16)
(-0.0105985 -3.0501e-05 5.33121e-19)
(-0.0106171 -2.91499e-05 -1.88852e-16)
(-0.0106348 -2.77922e-05 -4.85772e-19)
(-0.0106517 -2.64335e-05 -2.31016e-19)
(-0.0106677 -2.50758e-05 1.89277e-16)
(-0.0106829 -2.37177e-05 4.14559e-19)
(-0.0106972 -2.23608e-05 -1.90411e-16)
(-0.0107107 -2.10035e-05 -1.83561e-19)
(-0.0107233 -1.96463e-05 -3.43397e-19)
(-0.0107351 -1.82892e-05 9.51874e-17)
(-0.0107461 -1.69316e-05 8.47717e-30)
(-0.0107562 -1.5575e-05 -9.56704e-17)
(-0.0107655 -1.42202e-05 -1.24278e-19)
(-0.0107739 -1.28656e-05 -2.24879e-19)
(-0.0107815 -1.1511e-05 9.55575e-17)
(-0.0107882 -1.01592e-05 1.71909e-30)
(-0.0107941 -8.81201e-06 -9.60248e-17)
(-0.0107991 -7.48063e-06 -1.30678e-19)
(-0.0108034 -6.17074e-06 -5.38302e-20)
(-0.0108069 -4.93283e-06 1.91883e-16)
(-0.01081 -3.74064e-06 6.44216e-20)
(-0.0108141 -2.79167e-06 -1.92122e-16)
(-0.0108251 -1.42987e-06 -3.98088e-20)
)
;
    }
    front
    {
        type            empty;
    }
    back
    {
        type            empty;
    }
}


// ************************************************************************* //
