/*--------------------------------*- C++ -*----------------------------------*\
| =========                 |                                                 |
| \\      /  F ield         | foam-extend: Open Source CFD                    |
|  \\    /   O peration     | Version:     4.0                                |
|   \\  /    A nd           | Web:         http://www.foam-extend.org         |
|    \\/     M anipulation  |                                                 |
\*---------------------------------------------------------------------------*/
FoamFile
{
    version     2.0;
    format      ascii;
    class       volVectorField;
    location    "1";
    object      DD;
}
// * * * * * * * * * * * * * * * * * * * * * * * * * * * * * * * * * * * * * //

dimensions      [0 1 0 0 0 0 0];

internalField   nonuniform List<vector> 
2560
(
(-3.4952e-06 -2.79779e-06 0)
(-9.35983e-06 -5.3625e-06 0)
(-1.55986e-05 -9.09041e-06 0)
(-2.16766e-05 -1.42562e-05 0)
(-2.78251e-05 -2.10148e-05 0)
(-3.3926e-05 -2.93952e-05 0)
(-4.00116e-05 -3.94025e-05 0)
(-4.60571e-05 -5.10285e-05 0)
(-5.20679e-05 -6.42639e-05 0)
(-5.80389e-05 -7.90975e-05 0)
(-6.39711e-05 -9.55188e-05 0)
(-6.98639e-05 -0.000113517 0)
(-7.5717e-05 -0.000133081 0)
(-8.15313e-05 -0.000154201 0)
(-8.73048e-05 -0.000176866 0)
(-9.30416e-05 -0.000201065 0)
(-9.87337e-05 -0.000226791 0)
(-0.000104389 -0.000254021 0)
(-0.000110003 -0.000282742 0)
(-0.000115555 -0.000312982 0)
(-0.000121092 -0.000344702 0)
(-0.000126579 -0.000377879 0)
(-0.000132036 -0.000412518 0)
(-0.000137451 -0.000448605 0)
(-0.000142828 -0.000486132 0)
(-0.000148165 -0.000525088 0)
(-0.000153462 -0.000565462 0)
(-0.00015872 -0.000607243 0)
(-0.000163939 -0.000650421 0)
(-0.000169118 -0.000694985 0)
(-0.000174257 -0.000740925 0)
(-0.000179357 -0.000788231 0)
(-0.000184417 -0.000836891 0)
(-0.000189437 -0.000886895 0)
(-0.000194419 -0.000938232 0)
(-0.00019936 -0.000990893 0)
(-0.000204262 -0.00104487 0)
(-0.000209125 -0.00110014 0)
(-0.000213948 -0.00115671 0)
(-0.000218731 -0.00121456 0)
(-0.000223475 -0.00127367 0)
(-0.000228179 -0.00133405 0)
(-0.000232844 -0.00139568 0)
(-0.000237467 -0.00145854 0)
(-0.000242051 -0.00152263 0)
(-0.000246597 -0.00158794 0)
(-0.000251103 -0.00165445 0)
(-0.000255569 -0.00172216 0)
(-0.000259996 -0.00179106 0)
(-0.000264383 -0.00186113 0)
(-0.00026873 -0.00193237 0)
(-0.000273037 -0.00200476 0)
(-0.000277305 -0.0020783 0)
(-0.000281533 -0.00215296 0)
(-0.000285722 -0.00222875 0)
(-0.000289871 -0.00230565 0)
(-0.00029398 -0.00238365 0)
(-0.00029805 -0.00246275 0)
(-0.00030208 -0.00254292 0)
(-0.000306071 -0.00262416 0)
(-0.000310023 -0.00270646 0)
(-0.000313934 -0.00278981 0)
(-0.000317806 -0.0028742 0)
(-0.000321639 -0.00295961 0)
(-0.000325432 -0.00304604 0)
(-0.000329186 -0.00313348 0)
(-0.0003329 -0.00322191 0)
(-0.000336574 -0.00331133 0)
(-0.000340209 -0.00340172 0)
(-0.000343805 -0.00349308 0)
(-0.00034736 -0.00358539 0)
(-0.000350877 -0.00367865 0)
(-0.000354352 -0.00377283 0)
(-0.00035779 -0.00386794 0)
(-0.000361183 -0.00396396 0)
(-0.000364542 -0.00406087 0)
(-0.000367846 -0.00415867 0)
(-0.000371125 -0.00425737 0)
(-0.000374366 -0.00435693 0)
(-0.000377565 -0.00445734 0)
(-0.000380729 -0.00455861 0)
(-0.000383851 -0.00466071 0)
(-0.000386934 -0.00476364 0)
(-0.000389976 -0.00486739 0)
(-0.00039298 -0.00497194 0)
(-0.000395944 -0.00507729 0)
(-0.000398868 -0.00518342 0)
(-0.000401753 -0.00529033 0)
(-0.000404599 -0.005398 0)
(-0.000407405 -0.00550643 0)
(-0.000410172 -0.0056156 0)
(-0.000412899 -0.0057255 0)
(-0.000415587 -0.00583612 0)
(-0.000418235 -0.00594746 0)
(-0.000420844 -0.00605949 0)
(-0.000423414 -0.00617222 0)
(-0.000425943 -0.00628563 0)
(-0.000428434 -0.0063997 0)
(-0.000430885 -0.00651444 0)
(-0.000433297 -0.00662982 0)
(-0.000435669 -0.00674584 0)
(-0.000438002 -0.00686249 0)
(-0.000440295 -0.00697975 0)
(-0.000442549 -0.00709763 0)
(-0.000444763 -0.00721609 0)
(-0.000446938 -0.00733515 0)
(-0.000449073 -0.00745477 0)
(-0.000451169 -0.00757496 0)
(-0.000453225 -0.00769571 0)
(-0.000455242 -0.007817 0)
(-0.000457219 -0.00793882 0)
(-0.000459156 -0.00806116 0)
(-0.000461054 -0.00818401 0)
(-0.000462912 -0.00830737 0)
(-0.000464731 -0.00843121 0)
(-0.00046651 -0.00855554 0)
(-0.00046825 -0.00868033 0)
(-0.00046995 -0.00880558 0)
(-0.000471611 -0.00893128 0)
(-0.000473232 -0.00905742 0)
(-0.000474813 -0.00918399 0)
(-0.000476355 -0.00931097 0)
(-0.000477857 -0.00943836 0)
(-0.00047932 -0.00956614 0)
(-0.000480744 -0.00969431 0)
(-0.000482127 -0.00982285 0)
(-0.000483471 -0.00995175 0)
(-0.000484776 -0.010081 0)
(-0.000486041 -0.0102106 0)
(-0.000487266 -0.0103405 0)
(-0.000488452 -0.0104708 0)
(-0.000489599 -0.0106014 0)
(-0.000490706 -0.0107322 0)
(-0.000491773 -0.0108634 0)
(-0.000492801 -0.0109948 0)
(-0.000493789 -0.0111265 0)
(-0.000494737 -0.0112585 0)
(-0.000495646 -0.0113907 0)
(-0.000496516 -0.0115232 0)
(-0.000497346 -0.0116558 0)
(-0.000498136 -0.0117887 0)
(-0.000498887 -0.0119218 0)
(-0.000499598 -0.0120551 0)
(-0.00050027 -0.0121886 0)
(-0.000500903 -0.0123222 0)
(-0.000501495 -0.012456 0)
(-0.000502048 -0.01259 0)
(-0.000502562 -0.0127241 0)
(-0.000503036 -0.0128584 0)
(-0.000503471 -0.0129927 0)
(-0.000503866 -0.0131272 0)
(-0.000504221 -0.0132618 0)
(-0.000504537 -0.0133964 0)
(-0.000504814 -0.0135312 0)
(-0.000505052 -0.013666 0)
(-0.000505251 -0.0138008 0)
(-0.000505412 -0.0139357 0)
(-0.000505539 -0.0140707 0)
(-0.00050563 -0.0142057 0)
(-0.000505702 -0.0143407 0)
(-2.57799e-06 -1.68696e-06 0)
(-7.90872e-06 -4.10001e-06 0)
(-1.33582e-05 -7.81135e-06 0)
(-1.86948e-05 -1.29839e-05 0)
(-2.4047e-05 -1.97431e-05 0)
(-2.93471e-05 -2.81305e-05 0)
(-3.46261e-05 -3.81441e-05 0)
(-3.98674e-05 -4.9778e-05 0)
(-4.50773e-05 -6.30212e-05 0)
(-5.02524e-05 -7.7863e-05 0)
(-5.53937e-05 -9.42925e-05 0)
(-6.05008e-05 -0.000112299 0)
(-6.55734e-05 -0.000131871 0)
(-7.06125e-05 -0.000152999 0)
(-7.56162e-05 -0.000175673 0)
(-8.05887e-05 -0.000199879 0)
(-8.55232e-05 -0.000225615 0)
(-9.04315e-05 -0.000252851 0)
(-9.53042e-05 -0.000281579 0)
(-0.00010009 -0.000311834 0)
(-0.000104896 -0.00034356 0)
(-0.000109651 -0.000376744 0)
(-0.000114382 -0.00041139 0)
(-0.000119074 -0.000447486 0)
(-0.000123735 -0.000485021 0)
(-0.00012836 -0.000523985 0)
(-0.000132951 -0.000564367 0)
(-0.000137508 -0.000606156 0)
(-0.000142031 -0.000649343 0)
(-0.000146519 -0.000693915 0)
(-0.000150973 -0.000739863 0)
(-0.000155393 -0.000787177 0)
(-0.000159778 -0.000835845 0)
(-0.00016413 -0.000885857 0)
(-0.000168447 -0.000937203 0)
(-0.000172729 -0.000989872 0)
(-0.000176978 -0.00104385 0)
(-0.000181192 -0.00109914 0)
(-0.000185372 -0.00115571 0)
(-0.000189518 -0.00121357 0)
(-0.000193629 -0.00127269 0)
(-0.000197706 -0.00133308 0)
(-0.000201749 -0.00139472 0)
(-0.000205756 -0.00145759 0)
(-0.000209729 -0.00152169 0)
(-0.000213669 -0.001587 0)
(-0.000217574 -0.00165352 0)
(-0.000221445 -0.00172124 0)
(-0.000225281 -0.00179015 0)
(-0.000229083 -0.00186023 0)
(-0.000232851 -0.00193147 0)
(-0.000236584 -0.00200387 0)
(-0.000240282 -0.00207741 0)
(-0.000243947 -0.00215209 0)
(-0.000247577 -0.00222789 0)
(-0.000251173 -0.00230479 0)
(-0.000254734 -0.0023828 0)
(-0.000258261 -0.00246191 0)
(-0.000261754 -0.00254209 0)
(-0.000265213 -0.00262334 0)
(-0.000268638 -0.00270564 0)
(-0.000272028 -0.002789 0)
(-0.000275384 -0.0028734 0)
(-0.000278705 -0.00295882 0)
(-0.000281993 -0.00304526 0)
(-0.000285246 -0.00313271 0)
(-0.000288464 -0.00322115 0)
(-0.000291649 -0.00331057 0)
(-0.000294799 -0.00340097 0)
(-0.000297915 -0.00349234 0)
(-0.000300997 -0.00358466 0)
(-0.000304045 -0.00367792 0)
(-0.000307057 -0.00377211 0)
(-0.000310037 -0.00386723 0)
(-0.000312977 -0.00396326 0)
(-0.000315893 -0.00406018 0)
(-0.000318741 -0.00415799 0)
(-0.000321587 -0.00425669 0)
(-0.000324399 -0.00435626 0)
(-0.000327173 -0.00445668 0)
(-0.000329915 -0.00455795 0)
(-0.00033262 -0.00466007 0)
(-0.000335292 -0.00476301 0)
(-0.000337929 -0.00486676 0)
(-0.000340532 -0.00497132 0)
(-0.000343101 -0.00507668 0)
(-0.000345635 -0.00518282 0)
(-0.000348136 -0.00528974 0)
(-0.000350602 -0.00539742 0)
(-0.000353034 -0.00550585 0)
(-0.000355432 -0.00561503 0)
(-0.000357795 -0.00572494 0)
(-0.000360125 -0.00583557 0)
(-0.00036242 -0.00594691 0)
(-0.000364681 -0.00605896 0)
(-0.000366908 -0.00617169 0)
(-0.0003691 -0.00628511 0)
(-0.000371259 -0.00639919 0)
(-0.000373383 -0.00651393 0)
(-0.000375474 -0.00662932 0)
(-0.000377529 -0.00674535 0)
(-0.000379551 -0.00686201 0)
(-0.000381539 -0.00697928 0)
(-0.000383492 -0.00709716 0)
(-0.000385411 -0.00721564 0)
(-0.000387296 -0.0073347 0)
(-0.000389146 -0.00745433 0)
(-0.000390963 -0.00757453 0)
(-0.000392745 -0.00769529 0)
(-0.000394492 -0.00781658 0)
(-0.000396206 -0.00793841 0)
(-0.000397885 -0.00806076 0)
(-0.00039953 -0.00818362 0)
(-0.00040114 -0.00830699 0)
(-0.000402716 -0.00843084 0)
(-0.000404258 -0.00855517 0)
(-0.000405766 -0.00867997 0)
(-0.00040724 -0.00880524 0)
(-0.000408679 -0.00893094 0)
(-0.000410084 -0.00905709 0)
(-0.000411454 -0.00918366 0)
(-0.000412791 -0.00931065 0)
(-0.000414093 -0.00943805 0)
(-0.00041536 -0.00956584 0)
(-0.000416594 -0.00969402 0)
(-0.000417793 -0.00982257 0)
(-0.000418958 -0.00995148 0)
(-0.000420088 -0.0100807 0)
(-0.000421185 -0.0102104 0)
(-0.000422247 -0.0103403 0)
(-0.000423275 -0.0104706 0)
(-0.000424268 -0.0106011 0)
(-0.000425227 -0.010732 0)
(-0.000426152 -0.0108632 0)
(-0.000427043 -0.0109946 0)
(-0.0004279 -0.0111263 0)
(-0.000428722 -0.0112583 0)
(-0.00042951 -0.0113905 0)
(-0.000430263 -0.011523 0)
(-0.000430982 -0.0116557 0)
(-0.000431667 -0.0117886 0)
(-0.000432318 -0.0119217 0)
(-0.000432935 -0.012055 0)
(-0.000433517 -0.0121884 0)
(-0.000434065 -0.0123221 0)
(-0.000434579 -0.0124559 0)
(-0.000435058 -0.0125899 0)
(-0.000435503 -0.012724 0)
(-0.000435914 -0.0128583 0)
(-0.00043629 -0.0129926 0)
(-0.000436633 -0.0131271 0)
(-0.000436941 -0.0132617 0)
(-0.000437215 -0.0133964 0)
(-0.000437455 -0.0135311 0)
(-0.00043766 -0.0136659 0)
(-0.000437832 -0.0138008 0)
(-0.000437969 -0.0139357 0)
(-0.000438074 -0.0140707 0)
(-0.000438143 -0.0142057 0)
(-0.00043818 -0.0143407 0)
(-2.02604e-06 -9.78542e-07 0)
(-6.53629e-06 -3.10646e-06 0)
(-1.11768e-05 -6.77307e-06 0)
(-1.57375e-05 -1.19407e-05 0)
(-2.02892e-05 -1.87078e-05 0)
(-2.47866e-05 -2.71043e-05 0)
(-2.92592e-05 -3.71255e-05 0)
(-3.36967e-05 -4.87669e-05 0)
(-3.81062e-05 -6.20169e-05 0)
(-4.24855e-05 -7.68655e-05 0)
(-4.6836e-05 -9.33016e-05 0)
(-5.11574e-05 -0.000111315 0)
(-5.54496e-05 -0.000130894 0)
(-5.97136e-05 -0.000152028 0)
(-6.39472e-05 -0.000174708 0)
(-6.81571e-05 -0.000198921 0)
(-7.23291e-05 -0.00022466 0)
(-7.65142e-05 -0.000251906 0)
(-8.05817e-05 -0.000280658 0)
(-8.46176e-05 -0.000310907 0)
(-8.87154e-05 -0.000342632 0)
(-9.27407e-05 -0.000375826 0)
(-9.67466e-05 -0.000410479 0)
(-0.000100718 -0.000446582 0)
(-0.000104661 -0.000484124 0)
(-0.000108575 -0.000523094 0)
(-0.00011246 -0.000563483 0)
(-0.000116316 -0.000605279 0)
(-0.000120143 -0.000648471 0)
(-0.00012394 -0.000693051 0)
(-0.000127709 -0.000739006 0)
(-0.000131449 -0.000786326 0)
(-0.00013516 -0.000835001 0)
(-0.000138841 -0.000885019 0)
(-0.000142494 -0.000936372 0)
(-0.000146118 -0.000989047 0)
(-0.000149713 -0.00104304 0)
(-0.000153279 -0.00109833 0)
(-0.000156815 -0.00115491 0)
(-0.000160324 -0.00121277 0)
(-0.000163802 -0.0012719 0)
(-0.000167253 -0.00133229 0)
(-0.000170674 -0.00139394 0)
(-0.000174065 -0.00145682 0)
(-0.000177427 -0.00152092 0)
(-0.000180761 -0.00158624 0)
(-0.000184065 -0.00165277 0)
(-0.000187341 -0.0017205 0)
(-0.000190587 -0.00178941 0)
(-0.000193804 -0.0018595 0)
(-0.000196991 -0.00193075 0)
(-0.00020015 -0.00200315 0)
(-0.00020328 -0.0020767 0)
(-0.00020638 -0.00215138 0)
(-0.000209452 -0.00222719 0)
(-0.000212494 -0.0023041 0)
(-0.000215508 -0.00238212 0)
(-0.000218493 -0.00246123 0)
(-0.000221448 -0.00254141 0)
(-0.000224375 -0.00262267 0)
(-0.000227272 -0.00270499 0)
(-0.000230141 -0.00278835 0)
(-0.000232981 -0.00287275 0)
(-0.000235791 -0.00295818 0)
(-0.000238573 -0.00304463 0)
(-0.000241325 -0.00313208 0)
(-0.000244049 -0.00322053 0)
(-0.000246744 -0.00330996 0)
(-0.000249409 -0.00340037 0)
(-0.000252046 -0.00349174 0)
(-0.000254653 -0.00358407 0)
(-0.000257232 -0.00367733 0)
(-0.000259781 -0.00377153 0)
(-0.000262305 -0.00386666 0)
(-0.000264793 -0.00396269 0)
(-0.00026728 -0.00405962 0)
(-0.000269681 -0.00415744 0)
(-0.000272056 -0.00425615 0)
(-0.000274454 -0.00435572 0)
(-0.000276799 -0.00445615 0)
(-0.00027912 -0.00455743 0)
(-0.00028141 -0.00465955 0)
(-0.00028367 -0.00476249 0)
(-0.000285901 -0.00486625 0)
(-0.000288104 -0.00497082 0)
(-0.000290277 -0.00507619 0)
(-0.000292422 -0.00518233 0)
(-0.000294538 -0.00528926 0)
(-0.000296625 -0.00539694 0)
(-0.000298682 -0.00550538 0)
(-0.000300711 -0.00561457 0)
(-0.000302711 -0.00572448 0)
(-0.000304682 -0.00583512 0)
(-0.000306624 -0.00594647 0)
(-0.000308537 -0.00605852 0)
(-0.000310422 -0.00617126 0)
(-0.000312277 -0.00628468 0)
(-0.000314103 -0.00639877 0)
(-0.000315901 -0.00651352 0)
(-0.00031767 -0.00662892 0)
(-0.000319409 -0.00674496 0)
(-0.00032112 -0.00686162 0)
(-0.000322802 -0.0069789 0)
(-0.000324455 -0.00709679 0)
(-0.000326078 -0.00721527 0)
(-0.000327673 -0.00733434 0)
(-0.000329239 -0.00745398 0)
(-0.000330776 -0.00757419 0)
(-0.000332284 -0.00769495 0)
(-0.000333763 -0.00781625 0)
(-0.000335212 -0.00793808 0)
(-0.000336633 -0.00806044 0)
(-0.000338025 -0.00818331 0)
(-0.000339388 -0.00830668 0)
(-0.000340721 -0.00843054 0)
(-0.000342026 -0.00855488 0)
(-0.000343302 -0.00867969 0)
(-0.000344549 -0.00880495 0)
(-0.000345766 -0.00893067 0)
(-0.000346955 -0.00905682 0)
(-0.000348115 -0.0091834 0)
(-0.000349246 -0.0093104 0)
(-0.000350347 -0.0094378 0)
(-0.00035142 -0.0095656 0)
(-0.000352464 -0.00969378 0)
(-0.000353478 -0.00982234 0)
(-0.000354464 -0.00995126 0)
(-0.000355421 -0.0100805 0)
(-0.000356348 -0.0102101 0)
(-0.000357247 -0.0103401 0)
(-0.000358117 -0.0104704 0)
(-0.000358958 -0.0106009 0)
(-0.000359769 -0.0107318 0)
(-0.000360552 -0.010863 0)
(-0.000361305 -0.0109944 0)
(-0.00036203 -0.0111262 0)
(-0.000362726 -0.0112581 0)
(-0.000363392 -0.0113904 0)
(-0.00036403 -0.0115228 0)
(-0.000364639 -0.0116555 0)
(-0.000365218 -0.0117884 0)
(-0.000365769 -0.0119215 0)
(-0.000366291 -0.0120548 0)
(-0.000366783 -0.0121883 0)
(-0.000367247 -0.012322 0)
(-0.000367682 -0.0124558 0)
(-0.000368087 -0.0125898 0)
(-0.000368464 -0.0127239 0)
(-0.000368811 -0.0128582 0)
(-0.00036913 -0.0129926 0)
(-0.00036942 -0.013127 0)
(-0.00036968 -0.0132616 0)
(-0.000369912 -0.0133963 0)
(-0.000370115 -0.0135311 0)
(-0.000370289 -0.0136659 0)
(-0.000370433 -0.0138008 0)
(-0.000370547 -0.0139357 0)
(-0.000370631 -0.0140707 0)
(-0.000370682 -0.0142057 0)
(-0.000370707 -0.0143407 0)
(-1.59965e-06 -4.45507e-07 0)
(-5.24622e-06 -2.28886e-06 0)
(-9.05301e-06 -5.87998e-06 0)
(-1.28128e-05 -1.10362e-05 0)
(-1.65543e-05 -1.78092e-05 0)
(-2.02455e-05 -2.62145e-05 0)
(-2.39105e-05 -3.62435e-05 0)
(-2.7544e-05 -4.7892e-05 0)
(-3.1153e-05 -6.11485e-05 0)
(-3.47365e-05 -7.60031e-05 0)
(-3.82962e-05 -9.24451e-05 0)
(-4.18319e-05 -0.000110464 0)
(-4.53436e-05 -0.000130049 0)
(-4.88321e-05 -0.000151189 0)
(-5.22955e-05 -0.000173874 0)
(-5.57381e-05 -0.000198094 0)
(-5.91491e-05 -0.000223834 0)
(-6.25512e-05 -0.000251094 0)
(-6.58775e-05 -0.000279864 0)
(-6.92275e-05 -0.000310103 0)
(-7.2557e-05 -0.000341829 0)
(-7.58536e-05 -0.000375032 0)
(-7.91298e-05 -0.000409691 0)
(-8.23792e-05 -0.0004458 0)
(-8.56057e-05 -0.000483347 0)
(-8.88078e-05 -0.000522324 0)
(-9.19865e-05 -0.000562718 0)
(-9.51412e-05 -0.00060452 0)
(-9.82722e-05 -0.000647718 0)
(-0.00010138 -0.000692303 0)
(-0.000104463 -0.000738264 0)
(-0.000107523 -0.00078559 0)
(-0.000110559 -0.00083427 0)
(-0.000113571 -0.000884295 0)
(-0.00011656 -0.000935653 0)
(-0.000119525 -0.000988335 0)
(-0.000122466 -0.00104233 0)
(-0.000125383 -0.00109762 0)
(-0.000128277 -0.00115421 0)
(-0.000131148 -0.00121208 0)
(-0.000133994 -0.00127122 0)
(-0.000136817 -0.00133162 0)
(-0.000139617 -0.00139326 0)
(-0.000142392 -0.00145615 0)
(-0.000145143 -0.00152026 0)
(-0.000147871 -0.00158559 0)
(-0.000150575 -0.00165212 0)
(-0.000153254 -0.00171985 0)
(-0.00015591 -0.00178877 0)
(-0.000158542 -0.00185886 0)
(-0.00016115 -0.00193012 0)
(-0.000163734 -0.00200253 0)
(-0.000166295 -0.00207609 0)
(-0.000168832 -0.00215077 0)
(-0.000171345 -0.00222658 0)
(-0.000173834 -0.0023035 0)
(-0.0001763 -0.00238153 0)
(-0.000178742 -0.00246064 0)
(-0.00018116 -0.00254083 0)
(-0.000183554 -0.0026221 0)
(-0.000185925 -0.00270442 0)
(-0.000188272 -0.00278779 0)
(-0.000190596 -0.00287219 0)
(-0.000192895 -0.00295763 0)
(-0.000195171 -0.00304408 0)
(-0.000197423 -0.00313154 0)
(-0.000199651 -0.00321999 0)
(-0.000201856 -0.00330943 0)
(-0.000204037 -0.00339984 0)
(-0.000206194 -0.00349122 0)
(-0.000208328 -0.00358355 0)
(-0.000210438 -0.00367683 0)
(-0.000212523 -0.00377103 0)
(-0.000214587 -0.00386616 0)
(-0.000216626 -0.0039622 0)
(-0.000218646 -0.00405914 0)
(-0.000220639 -0.00415698 0)
(-0.000222581 -0.00425568 0)
(-0.00022453 -0.00435525 0)
(-0.000226446 -0.00445569 0)
(-0.000228344 -0.00455697 0)
(-0.000230217 -0.0046591 0)
(-0.000232066 -0.00476205 0)
(-0.000233891 -0.00486582 0)
(-0.000235694 -0.00497039 0)
(-0.000237472 -0.00507576 0)
(-0.000239227 -0.00518191 0)
(-0.000240958 -0.00528884 0)
(-0.000242665 -0.00539653 0)
(-0.000244349 -0.00550498 0)
(-0.000246009 -0.00561417 0)
(-0.000247645 -0.00572409 0)
(-0.000249258 -0.00583473 0)
(-0.000250847 -0.00594609 0)
(-0.000252412 -0.00605815 0)
(-0.000253954 -0.00617089 0)
(-0.000255471 -0.00628432 0)
(-0.000256966 -0.00639842 0)
(-0.000258437 -0.00651317 0)
(-0.000259884 -0.00662858 0)
(-0.000261307 -0.00674462 0)
(-0.000262707 -0.00686129 0)
(-0.000264083 -0.00697857 0)
(-0.000265435 -0.00709646 0)
(-0.000266764 -0.00721495 0)
(-0.000268069 -0.00733402 0)
(-0.00026935 -0.00745367 0)
(-0.000270607 -0.00757388 0)
(-0.000271841 -0.00769465 0)
(-0.000273051 -0.00781596 0)
(-0.000274237 -0.0079378 0)
(-0.000275399 -0.00806016 0)
(-0.000276538 -0.00818304 0)
(-0.000277653 -0.00830641 0)
(-0.000278744 -0.00843028 0)
(-0.000279812 -0.00855462 0)
(-0.000280856 -0.00867944 0)
(-0.000281876 -0.00880471 0)
(-0.000282872 -0.00893043 0)
(-0.000283845 -0.00905659 0)
(-0.000284794 -0.00918318 0)
(-0.000285719 -0.00931018 0)
(-0.00028662 -0.00943759 0)
(-0.000287498 -0.00956539 0)
(-0.000288352 -0.00969358 0)
(-0.000289182 -0.00982214 0)
(-0.000289988 -0.00995107 0)
(-0.000290771 -0.0100803 0)
(-0.00029153 -0.01021 0)
(-0.000292265 -0.0103399 0)
(-0.000292977 -0.0104702 0)
(-0.000293665 -0.0106008 0)
(-0.000294329 -0.0107317 0)
(-0.000294969 -0.0108628 0)
(-0.000295586 -0.0109943 0)
(-0.000296179 -0.011126 0)
(-0.000296748 -0.011258 0)
(-0.000297293 -0.0113902 0)
(-0.000297815 -0.0115227 0)
(-0.000298313 -0.0116554 0)
(-0.000298787 -0.0117883 0)
(-0.000299238 -0.0119214 0)
(-0.000299665 -0.0120547 0)
(-0.000300068 -0.0121882 0)
(-0.000300447 -0.0123219 0)
(-0.000300803 -0.0124557 0)
(-0.000301134 -0.0125897 0)
(-0.000301443 -0.0127239 0)
(-0.000301727 -0.0128581 0)
(-0.000301988 -0.0129925 0)
(-0.000302225 -0.013127 0)
(-0.000302438 -0.0132616 0)
(-0.000302627 -0.0133963 0)
(-0.000302793 -0.013531 0)
(-0.000302935 -0.0136658 0)
(-0.000303052 -0.0138007 0)
(-0.000303143 -0.0139357 0)
(-0.000303209 -0.0140706 0)
(-0.000303247 -0.0142056 0)
(-0.000303266 -0.0143407 0)
(-1.22217e-06 -9.07413e-08 0)
(-4.01783e-06 -1.67644e-06 0)
(-6.9834e-06 -5.18522e-06 0)
(-9.92254e-06 -1.03243e-05 0)
(-1.28443e-05 -1.71022e-05 0)
(-1.57233e-05 -2.55158e-05 0)
(-1.85781e-05 -3.55523e-05 0)
(-2.14063e-05 -4.72072e-05 0)
(-2.42142e-05 -6.04691e-05 0)
(-2.70019e-05 -7.53287e-05 0)
(-2.97706e-05 -9.17754e-05 0)
(-3.25207e-05 -0.000109799 0)
(-3.52519e-05 -0.000129388 0)
(-3.79651e-05 -0.000150533 0)
(-4.06584e-05 -0.000173223 0)
(-4.33356e-05 -0.000197447 0)
(-4.59882e-05 -0.000223194 0)
(-4.86298e-05 -0.00025046 0)
(-5.12328e-05 -0.000279226 0)
(-5.38305e-05 -0.000309472 0)
(-5.64162e-05 -0.000341205 0)
(-5.89795e-05 -0.000374411 0)
(-6.15277e-05 -0.000409075 0)
(-6.40549e-05 -0.000445189 0)
(-6.65646e-05 -0.000482741 0)
(-6.90551e-05 -0.000521722 0)
(-7.15273e-05 -0.00056212 0)
(-7.3981e-05 -0.000603927 0)
(-7.64163e-05 -0.00064713 0)
(-7.8833e-05 -0.000691719 0)
(-8.12313e-05 -0.000737684 0)
(-8.36112e-05 -0.000785015 0)
(-8.59725e-05 -0.0008337 0)
(-8.83155e-05 -0.000883729 0)
(-9.06399e-05 -0.000935091 0)
(-9.29459e-05 -0.000987777 0)
(-9.52334e-05 -0.00104178 0)
(-9.75025e-05 -0.00109708 0)
(-9.97531e-05 -0.00115367 0)
(-0.000101986 -0.00121154 0)
(-0.000104199 -0.00127068 0)
(-0.000106396 -0.00133108 0)
(-0.000108574 -0.00139274 0)
(-0.000110733 -0.00145563 0)
(-0.000112873 -0.00151974 0)
(-0.000114996 -0.00158507 0)
(-0.000117098 -0.00165161 0)
(-0.000119182 -0.00171935 0)
(-0.000121248 -0.00178827 0)
(-0.000123295 -0.00185837 0)
(-0.000125323 -0.00192963 0)
(-0.000127333 -0.00200205 0)
(-0.000129324 -0.00207561 0)
(-0.000131297 -0.0021503 0)
(-0.000133252 -0.00222611 0)
(-0.000135188 -0.00230304 0)
(-0.000137106 -0.00238106 0)
(-0.000139005 -0.00246018 0)
(-0.000140886 -0.00254038 0)
(-0.000142748 -0.00262165 0)
(-0.000144592 -0.00270397 0)
(-0.000146418 -0.00278735 0)
(-0.000148225 -0.00287176 0)
(-0.000150013 -0.0029572 0)
(-0.000151783 -0.00304365 0)
(-0.000153535 -0.00313112 0)
(-0.000155268 -0.00321957 0)
(-0.000156983 -0.00330902 0)
(-0.000158679 -0.00339944 0)
(-0.000160357 -0.00349082 0)
(-0.000162016 -0.00358315 0)
(-0.000163658 -0.00367643 0)
(-0.00016528 -0.00377064 0)
(-0.000166885 -0.00386577 0)
(-0.00016847 -0.00396182 0)
(-0.000170039 -0.00405876 0)
(-0.000171585 -0.0041566 0)
(-0.000173104 -0.00425531 0)
(-0.000174617 -0.00435489 0)
(-0.000176107 -0.00445533 0)
(-0.000177582 -0.00455662 0)
(-0.000179039 -0.00465875 0)
(-0.000180476 -0.0047617 0)
(-0.000181896 -0.00486547 0)
(-0.000183298 -0.00497005 0)
(-0.000184681 -0.00507543 0)
(-0.000186046 -0.00518158 0)
(-0.000187392 -0.00528852 0)
(-0.00018872 -0.00539621 0)
(-0.00019003 -0.00550466 0)
(-0.000191321 -0.00561386 0)
(-0.000192593 -0.00572378 0)
(-0.000193848 -0.00583443 0)
(-0.000195083 -0.00594579 0)
(-0.000196301 -0.00605785 0)
(-0.0001975 -0.0061706 0)
(-0.00019868 -0.00628404 0)
(-0.000199842 -0.00639814 0)
(-0.000200987 -0.0065129 0)
(-0.000202112 -0.00662831 0)
(-0.000203219 -0.00674435 0)
(-0.000204308 -0.00686102 0)
(-0.000205378 -0.00697831 0)
(-0.00020643 -0.00709621 0)
(-0.000207463 -0.0072147 0)
(-0.000208478 -0.00733378 0)
(-0.000209475 -0.00745343 0)
(-0.000210453 -0.00757365 0)
(-0.000211412 -0.00769442 0)
(-0.000212353 -0.00781573 0)
(-0.000213276 -0.00793758 0)
(-0.00021418 -0.00805995 0)
(-0.000215066 -0.00818282 0)
(-0.000215933 -0.0083062 0)
(-0.000216782 -0.00843007 0)
(-0.000217612 -0.00855442 0)
(-0.000218424 -0.00867924 0)
(-0.000219217 -0.00880452 0)
(-0.000219992 -0.00893025 0)
(-0.000220749 -0.00905641 0)
(-0.000221487 -0.009183 0)
(-0.000222206 -0.00931001 0)
(-0.000222907 -0.00943742 0)
(-0.00022359 -0.00956523 0)
(-0.000224254 -0.00969342 0)
(-0.0002249 -0.00982199 0)
(-0.000225527 -0.00995092 0)
(-0.000226136 -0.0100802 0)
(-0.000226726 -0.0102098 0)
(-0.000227298 -0.0103398 0)
(-0.000227851 -0.0104701 0)
(-0.000228386 -0.0106007 0)
(-0.000228903 -0.0107315 0)
(-0.000229401 -0.0108627 0)
(-0.00022988 -0.0109942 0)
(-0.000230342 -0.0111259 0)
(-0.000230784 -0.0112579 0)
(-0.000231208 -0.0113901 0)
(-0.000231614 -0.0115226 0)
(-0.000232002 -0.0116553 0)
(-0.00023237 -0.0117882 0)
(-0.000232721 -0.0119213 0)
(-0.000233053 -0.0120547 0)
(-0.000233366 -0.0121882 0)
(-0.000233661 -0.0123218 0)
(-0.000233938 -0.0124557 0)
(-0.000234196 -0.0125897 0)
(-0.000234436 -0.0127238 0)
(-0.000234657 -0.0128581 0)
(-0.00023486 -0.0129924 0)
(-0.000235044 -0.0131269 0)
(-0.00023521 -0.0132615 0)
(-0.000235356 -0.0133962 0)
(-0.000235485 -0.013531 0)
(-0.000235596 -0.0136658 0)
(-0.000235686 -0.0138007 0)
(-0.000235756 -0.0139357 0)
(-0.000235805 -0.0140706 0)
(-0.000235832 -0.0142056 0)
(-0.000235847 -0.0143407 0)
(-8.63909e-07 1.55357e-07 0)
(-2.83766e-06 -1.22719e-06 0)
(-4.95678e-06 -4.65967e-06 0)
(-7.06315e-06 -9.78172e-06 0)
(-9.15656e-06 -1.65621e-05 0)
(-1.12176e-05 -2.49823e-05 0)
(-1.32594e-05 -3.5025e-05 0)
(-1.52809e-05 -4.66852e-05 0)
(-1.72872e-05 -5.99514e-05 0)
(-1.92787e-05 -7.48151e-05 0)
(-2.12564e-05 -9.12653e-05 0)
(-2.32207e-05 -0.000109292 0)
(-2.51714e-05 -0.000128885 0)
(-2.71092e-05 -0.000150033 0)
(-2.90326e-05 -0.000172726 0)
(-3.09441e-05 -0.000196955 0)
(-3.2838e-05 -0.000222705 0)
(-3.47227e-05 -0.000249974 0)
(-3.65848e-05 -0.000278746 0)
(-3.84418e-05 -0.000308994 0)
(-4.02861e-05 -0.00034073 0)
(-4.21174e-05 -0.000373939 0)
(-4.39369e-05 -0.000408606 0)
(-4.57421e-05 -0.000444723 0)
(-4.75347e-05 -0.000482279 0)
(-4.93136e-05 -0.000521263 0)
(-5.10795e-05 -0.000561665 0)
(-5.28321e-05 -0.000603475 0)
(-5.45715e-05 -0.000646681 0)
(-5.62978e-05 -0.000691274 0)
(-5.80108e-05 -0.000737243 0)
(-5.97107e-05 -0.000784576 0)
(-6.13974e-05 -0.000833265 0)
(-6.30708e-05 -0.000883297 0)
(-6.47311e-05 -0.000934664 0)
(-6.63782e-05 -0.000987353 0)
(-6.80121e-05 -0.00104135 0)
(-6.96328e-05 -0.00109666 0)
(-7.12402e-05 -0.00115325 0)
(-7.28351e-05 -0.00121113 0)
(-7.4416e-05 -0.00127027 0)
(-7.59864e-05 -0.00133068 0)
(-7.75422e-05 -0.00139234 0)
(-7.90866e-05 -0.00145523 0)
(-8.06148e-05 -0.00151935 0)
(-8.21314e-05 -0.00158468 0)
(-8.36336e-05 -0.00165123 0)
(-8.51216e-05 -0.00171897 0)
(-8.65967e-05 -0.00178789 0)
(-8.80584e-05 -0.00185799 0)
(-8.95071e-05 -0.00192926 0)
(-9.09427e-05 -0.00200168 0)
(-9.23651e-05 -0.00207524 0)
(-9.37744e-05 -0.00214993 0)
(-9.51706e-05 -0.00222575 0)
(-9.65535e-05 -0.00230268 0)
(-9.79233e-05 -0.00238071 0)
(-9.92799e-05 -0.00245983 0)
(-0.000100623 -0.00254003 0)
(-0.000101954 -0.0026213 0)
(-0.000103271 -0.00270363 0)
(-0.000104575 -0.00278701 0)
(-0.000105865 -0.00287143 0)
(-0.000107143 -0.00295687 0)
(-0.000108407 -0.00304333 0)
(-0.000109658 -0.00313079 0)
(-0.000110896 -0.00321926 0)
(-0.000112121 -0.0033087 0)
(-0.000113333 -0.00339912 0)
(-0.000114531 -0.00349051 0)
(-0.000115716 -0.00358285 0)
(-0.000116888 -0.00367613 0)
(-0.000118047 -0.00377034 0)
(-0.000119194 -0.00386548 0)
(-0.000120326 -0.00396153 0)
(-0.000121445 -0.00405847 0)
(-0.00012255 -0.00415632 0)
(-0.000123637 -0.00425503 0)
(-0.000124716 -0.00435461 0)
(-0.000125779 -0.00445505 0)
(-0.000126831 -0.00455634 0)
(-0.000127871 -0.00465848 0)
(-0.000128898 -0.00476144 0)
(-0.000129911 -0.00486521 0)
(-0.000130913 -0.00496979 0)
(-0.000131901 -0.00507517 0)
(-0.000132876 -0.00518133 0)
(-0.000133838 -0.00528827 0)
(-0.000134787 -0.00539597 0)
(-0.000135722 -0.00550442 0)
(-0.000136644 -0.00561362 0)
(-0.000137553 -0.00572355 0)
(-0.000138449 -0.0058342 0)
(-0.000139331 -0.00594557 0)
(-0.000140201 -0.00605763 0)
(-0.000141057 -0.00617039 0)
(-0.0001419 -0.00628382 0)
(-0.00014273 -0.00639792 0)
(-0.000143548 -0.00651269 0)
(-0.000144352 -0.0066281 0)
(-0.000145143 -0.00674415 0)
(-0.00014592 -0.00686082 0)
(-0.000146685 -0.00697812 0)
(-0.000147436 -0.00709602 0)
(-0.000148174 -0.00721451 0)
(-0.000148899 -0.0073336 0)
(-0.000149611 -0.00745325 0)
(-0.00015031 -0.00757347 0)
(-0.000150995 -0.00769424 0)
(-0.000151667 -0.00781556 0)
(-0.000152326 -0.00793741 0)
(-0.000152972 -0.00805978 0)
(-0.000153604 -0.00818266 0)
(-0.000154224 -0.00830605 0)
(-0.00015483 -0.00842992 0)
(-0.000155423 -0.00855427 0)
(-0.000156003 -0.00867909 0)
(-0.00015657 -0.00880437 0)
(-0.000157123 -0.0089301 0)
(-0.000157664 -0.00905627 0)
(-0.000158191 -0.00918286 0)
(-0.000158705 -0.00930987 0)
(-0.000159205 -0.00943729 0)
(-0.000159693 -0.0095651 0)
(-0.000160167 -0.0096933 0)
(-0.000160629 -0.00982187 0)
(-0.000161077 -0.0099508 0)
(-0.000161511 -0.0100801 0)
(-0.000161933 -0.0102097 0)
(-0.000162342 -0.0103397 0)
(-0.000162737 -0.01047 0)
(-0.000163119 -0.0106006 0)
(-0.000163488 -0.0107315 0)
(-0.000163844 -0.0108626 0)
(-0.000164186 -0.0109941 0)
(-0.000164516 -0.0111258 0)
(-0.000164832 -0.0112578 0)
(-0.000165135 -0.0113901 0)
(-0.000165425 -0.0115225 0)
(-0.000165701 -0.0116552 0)
(-0.000165965 -0.0117882 0)
(-0.000166215 -0.0119213 0)
(-0.000166452 -0.0120546 0)
(-0.000166676 -0.0121881 0)
(-0.000166887 -0.0123218 0)
(-0.000167084 -0.0124556 0)
(-0.000167269 -0.0125896 0)
(-0.00016744 -0.0127238 0)
(-0.000167598 -0.012858 0)
(-0.000167743 -0.0129924 0)
(-0.000167874 -0.0131269 0)
(-0.000167993 -0.0132615 0)
(-0.000168096 -0.0133962 0)
(-0.00016819 -0.013531 0)
(-0.00016827 -0.0136658 0)
(-0.000168333 -0.0138007 0)
(-0.000168382 -0.0139356 0)
(-0.000168416 -0.0140706 0)
(-0.000168434 -0.0142056 0)
(-0.000168445 -0.0143406 0)
(-5.15524e-07 3.03735e-07 0)
(-1.68997e-06 -9.38789e-07 0)
(-2.96155e-06 -4.3149e-06 0)
(-4.22773e-06 -9.42302e-06 0)
(-5.4864e-06 -1.62046e-05 0)
(-6.72494e-06 -2.46293e-05 0)
(-7.95112e-06 -3.46766e-05 0)
(-9.1646e-06 -4.63406e-05 0)
(-1.03687e-05 -5.96099e-05 0)
(-1.15636e-05 -7.44762e-05 0)
(-1.27503e-05 -9.0929e-05 0)
(-1.39288e-05 -0.000108958 0)
(-1.5099e-05 -0.000128553 0)
(-1.62615e-05 -0.000149704 0)
(-1.74151e-05 -0.0001724 0)
(-1.85615e-05 -0.000196631 0)
(-1.9697e-05 -0.000222384 0)
(-2.08263e-05 -0.000249654 0)
(-2.19451e-05 -0.000278426 0)
(-2.30594e-05 -0.000308678 0)
(-2.41644e-05 -0.000340417 0)
(-2.52628e-05 -0.000373627 0)
(-2.63543e-05 -0.000408297 0)
(-2.74372e-05 -0.000444416 0)
(-2.85128e-05 -0.000481974 0)
(-2.95801e-05 -0.000520961 0)
(-3.06396e-05 -0.000561365 0)
(-3.16911e-05 -0.000603177 0)
(-3.27348e-05 -0.000646386 0)
(-3.37705e-05 -0.000690981 0)
(-3.47983e-05 -0.000736951 0)
(-3.58182e-05 -0.000784288 0)
(-3.68301e-05 -0.000832978 0)
(-3.78342e-05 -0.000883013 0)
(-3.88303e-05 -0.000934381 0)
(-3.98185e-05 -0.000987073 0)
(-4.07987e-05 -0.00104108 0)
(-4.17711e-05 -0.00109638 0)
(-4.27353e-05 -0.00115298 0)
(-4.36924e-05 -0.00121086 0)
(-4.46404e-05 -0.00127001 0)
(-4.55842e-05 -0.00133041 0)
(-4.65169e-05 -0.00139207 0)
(-4.7449e-05 -0.00145497 0)
(-4.83661e-05 -0.00151909 0)
(-4.92757e-05 -0.00158442 0)
(-5.01768e-05 -0.00165097 0)
(-5.10688e-05 -0.00171871 0)
(-5.19536e-05 -0.00178764 0)
(-5.28302e-05 -0.00185774 0)
(-5.36993e-05 -0.00192901 0)
(-5.45605e-05 -0.00200143 0)
(-5.54139e-05 -0.002075 0)
(-5.62594e-05 -0.0021497 0)
(-5.7097e-05 -0.00222551 0)
(-5.79268e-05 -0.00230245 0)
(-5.87486e-05 -0.00238048 0)
(-5.95626e-05 -0.0024596 0)
(-6.03686e-05 -0.0025398 0)
(-6.11667e-05 -0.00262108 0)
(-6.19569e-05 -0.00270341 0)
(-6.27392e-05 -0.00278679 0)
(-6.35136e-05 -0.00287121 0)
(-6.42801e-05 -0.00295665 0)
(-6.50387e-05 -0.00304311 0)
(-6.57894e-05 -0.00313058 0)
(-6.65321e-05 -0.00321905 0)
(-6.7267e-05 -0.00330849 0)
(-6.79939e-05 -0.00339892 0)
(-6.8713e-05 -0.00349031 0)
(-6.94241e-05 -0.00358265 0)
(-7.01275e-05 -0.00367593 0)
(-7.08226e-05 -0.00377015 0)
(-7.15104e-05 -0.00386529 0)
(-7.21894e-05 -0.00396133 0)
(-7.28601e-05 -0.00405828 0)
(-7.35231e-05 -0.00415613 0)
(-7.41769e-05 -0.00425485 0)
(-7.48218e-05 -0.00435443 0)
(-7.546e-05 -0.00445487 0)
(-7.6087e-05 -0.00455616 0)
(-7.67106e-05 -0.0046583 0)
(-7.73265e-05 -0.00476127 0)
(-7.79349e-05 -0.00486504 0)
(-7.85363e-05 -0.00496963 0)
(-7.91293e-05 -0.005075 0)
(-7.97146e-05 -0.00518117 0)
(-8.02917e-05 -0.00528811 0)
(-8.0861e-05 -0.00539581 0)
(-8.14221e-05 -0.00550427 0)
(-8.19754e-05 -0.00561347 0)
(-8.25204e-05 -0.0057234 0)
(-8.30578e-05 -0.00583405 0)
(-8.35868e-05 -0.00594542 0)
(-8.41085e-05 -0.00605748 0)
(-8.46222e-05 -0.00617024 0)
(-8.51275e-05 -0.00628368 0)
(-8.56264e-05 -0.00639778 0)
(-8.6117e-05 -0.00651255 0)
(-8.65997e-05 -0.00662796 0)
(-8.70739e-05 -0.00674401 0)
(-8.75408e-05 -0.00686069 0)
(-8.79994e-05 -0.00697799 0)
(-8.84503e-05 -0.00709589 0)
(-8.88932e-05 -0.00721439 0)
(-8.93282e-05 -0.00733347 0)
(-8.97552e-05 -0.00745313 0)
(-9.01743e-05 -0.00757335 0)
(-9.05855e-05 -0.00769413 0)
(-9.09888e-05 -0.00781545 0)
(-9.13842e-05 -0.0079373 0)
(-9.17717e-05 -0.00805967 0)
(-9.21512e-05 -0.00818256 0)
(-9.25229e-05 -0.00830594 0)
(-9.28866e-05 -0.00842982 0)
(-9.32424e-05 -0.00855417 0)
(-9.35903e-05 -0.008679 0)
(-9.39304e-05 -0.00880428 0)
(-9.42624e-05 -0.00893001 0)
(-9.45866e-05 -0.00905618 0)
(-9.49029e-05 -0.00918278 0)
(-9.52113e-05 -0.00930979 0)
(-9.55117e-05 -0.00943721 0)
(-9.58042e-05 -0.00956502 0)
(-9.60889e-05 -0.00969322 0)
(-9.63656e-05 -0.00982179 0)
(-9.66344e-05 -0.00995073 0)
(-9.68953e-05 -0.01008 0)
(-9.71483e-05 -0.0102096 0)
(-9.73934e-05 -0.0103396 0)
(-9.76305e-05 -0.0104699 0)
(-9.78598e-05 -0.0106005 0)
(-9.80811e-05 -0.0107314 0)
(-9.82946e-05 -0.0108626 0)
(-9.85001e-05 -0.010994 0)
(-9.86977e-05 -0.0111258 0)
(-9.88875e-05 -0.0112578 0)
(-9.90693e-05 -0.01139 0)
(-9.92432e-05 -0.0115225 0)
(-9.94091e-05 -0.0116552 0)
(-9.95672e-05 -0.0117881 0)
(-9.97174e-05 -0.0119212 0)
(-9.98596e-05 -0.0120546 0)
(-9.9994e-05 -0.0121881 0)
(-0.00010012 -0.0123218 0)
(-0.000100239 -0.0124556 0)
(-0.00010035 -0.0125896 0)
(-0.000100452 -0.0127237 0)
(-0.000100547 -0.012858 0)
(-0.000100634 -0.0129924 0)
(-0.000100713 -0.0131269 0)
(-0.000100784 -0.0132615 0)
(-0.000100847 -0.0133962 0)
(-0.000100903 -0.013531 0)
(-0.00010095 -0.0136658 0)
(-0.000100988 -0.0138007 0)
(-0.000101017 -0.0139356 0)
(-0.000101037 -0.0140706 0)
(-0.000101048 -0.0142056 0)
(-0.000101055 -0.0143406 0)
(-1.71314e-07 3.75756e-07 0)
(-5.61199e-07 -7.95798e-07 0)
(-9.84976e-07 -4.14175e-06 0)
(-1.40739e-06 -9.24225e-06 0)
(-1.82733e-06 -1.60241e-05 0)
(-2.24048e-06 -2.44512e-05 0)
(-2.64935e-06 -3.45008e-05 0)
(-3.05391e-06 -4.61667e-05 0)
(-3.45527e-06 -5.94377e-05 0)
(-3.85355e-06 -7.43054e-05 0)
(-4.249e-06 -9.07594e-05 0)
(-4.64173e-06 -0.00010879 0)
(-5.03154e-06 -0.000128386 0)
(-5.41878e-06 -0.000149538 0)
(-5.80256e-06 -0.000172235 0)
(-6.18411e-06 -0.000196467 0)
(-6.56114e-06 -0.000222222 0)
(-6.93654e-06 -0.000249493 0)
(-7.30896e-06 -0.000278265 0)
(-7.68005e-06 -0.00030852 0)
(-8.04704e-06 -0.000340259 0)
(-8.41278e-06 -0.00037347 0)
(-8.77639e-06 -0.000408141 0)
(-9.13721e-06 -0.000444261 0)
(-9.49571e-06 -0.00048182 0)
(-9.85139e-06 -0.000520808 0)
(-1.02045e-05 -0.000561214 0)
(-1.0555e-05 -0.000603027 0)
(-1.09028e-05 -0.000646236 0)
(-1.1248e-05 -0.000690833 0)
(-1.15906e-05 -0.000736805 0)
(-1.19305e-05 -0.000784142 0)
(-1.22678e-05 -0.000832834 0)
(-1.26024e-05 -0.00088287 0)
(-1.29343e-05 -0.000934239 0)
(-1.32637e-05 -0.000986932 0)
(-1.35902e-05 -0.00104094 0)
(-1.39143e-05 -0.00109624 0)
(-1.42351e-05 -0.00115284 0)
(-1.45543e-05 -0.00121072 0)
(-1.48688e-05 -0.00126987 0)
(-1.5186e-05 -0.00133028 0)
(-1.54943e-05 -0.00139194 0)
(-1.58161e-05 -0.00145484 0)
(-1.61235e-05 -0.00151895 0)
(-1.64244e-05 -0.00158429 0)
(-1.67251e-05 -0.00165084 0)
(-1.70206e-05 -0.00171859 0)
(-1.73153e-05 -0.00178752 0)
(-1.76068e-05 -0.00185762 0)
(-1.78963e-05 -0.00192889 0)
(-1.81831e-05 -0.00200131 0)
(-1.84674e-05 -0.00207488 0)
(-1.87492e-05 -0.00214957 0)
(-1.90283e-05 -0.0022254 0)
(-1.93049e-05 -0.00230233 0)
(-1.95788e-05 -0.00238036 0)
(-1.985e-05 -0.00245949 0)
(-2.01187e-05 -0.00253969 0)
(-2.03847e-05 -0.00262096 0)
(-2.06481e-05 -0.0027033 0)
(-2.09088e-05 -0.00278668 0)
(-2.11669e-05 -0.0028711 0)
(-2.14224e-05 -0.00295654 0)
(-2.16752e-05 -0.00304301 0)
(-2.19254e-05 -0.00313047 0)
(-2.21729e-05 -0.00321894 0)
(-2.24178e-05 -0.00330839 0)
(-2.26601e-05 -0.00339881 0)
(-2.28998e-05 -0.0034902 0)
(-2.31367e-05 -0.00358255 0)
(-2.33712e-05 -0.00367583 0)
(-2.36029e-05 -0.00377005 0)
(-2.38321e-05 -0.00386519 0)
(-2.40582e-05 -0.00396124 0)
(-2.42813e-05 -0.00405819 0)
(-2.45019e-05 -0.00415603 0)
(-2.47205e-05 -0.00425475 0)
(-2.49331e-05 -0.00435434 0)
(-2.51467e-05 -0.00445478 0)
(-2.53477e-05 -0.00455608 0)
(-2.55538e-05 -0.00465822 0)
(-2.57606e-05 -0.00476118 0)
(-2.59629e-05 -0.00486495 0)
(-2.61646e-05 -0.00496954 0)
(-2.63623e-05 -0.00507492 0)
(-2.65578e-05 -0.00518108 0)
(-2.67502e-05 -0.00528802 0)
(-2.69401e-05 -0.00539573 0)
(-2.7127e-05 -0.00550419 0)
(-2.73114e-05 -0.00561339 0)
(-2.74928e-05 -0.00572332 0)
(-2.76718e-05 -0.00583397 0)
(-2.78473e-05 -0.00594534 0)
(-2.80212e-05 -0.00605741 0)
(-2.81915e-05 -0.00617017 0)
(-2.83595e-05 -0.00628361 0)
(-2.85277e-05 -0.00639771 0)
(-2.86908e-05 -0.00651248 0)
(-2.88524e-05 -0.00662789 0)
(-2.90099e-05 -0.00674395 0)
(-2.9166e-05 -0.00686063 0)
(-2.93188e-05 -0.00697792 0)
(-2.94693e-05 -0.00709583 0)
(-2.96169e-05 -0.00721433 0)
(-2.97619e-05 -0.00733341 0)
(-2.99042e-05 -0.00745307 0)
(-3.00439e-05 -0.00757329 0)
(-3.0181e-05 -0.00769407 0)
(-3.03154e-05 -0.00781539 0)
(-3.04472e-05 -0.00793724 0)
(-3.05763e-05 -0.00805962 0)
(-3.07028e-05 -0.0081825 0)
(-3.08267e-05 -0.00830589 0)
(-3.09479e-05 -0.00842976 0)
(-3.10665e-05 -0.00855412 0)
(-3.11824e-05 -0.00867895 0)
(-3.12958e-05 -0.00880423 0)
(-3.14064e-05 -0.00892996 0)
(-3.15145e-05 -0.00905613 0)
(-3.16199e-05 -0.00918273 0)
(-3.17227e-05 -0.00930974 0)
(-3.18228e-05 -0.00943716 0)
(-3.19203e-05 -0.00956498 0)
(-3.20152e-05 -0.00969318 0)
(-3.21074e-05 -0.00982175 0)
(-3.2197e-05 -0.00995069 0)
(-3.22839e-05 -0.01008 0)
(-3.23682e-05 -0.0102096 0)
(-3.24499e-05 -0.0103396 0)
(-3.2529e-05 -0.0104699 0)
(-3.26054e-05 -0.0106005 0)
(-3.26791e-05 -0.0107314 0)
(-3.27503e-05 -0.0108625 0)
(-3.28188e-05 -0.010994 0)
(-3.28846e-05 -0.0111258 0)
(-3.29479e-05 -0.0112577 0)
(-3.30085e-05 -0.01139 0)
(-3.30664e-05 -0.0115225 0)
(-3.31217e-05 -0.0116552 0)
(-3.31744e-05 -0.0117881 0)
(-3.32245e-05 -0.0119212 0)
(-3.32719e-05 -0.0120545 0)
(-3.33167e-05 -0.0121881 0)
(-3.33588e-05 -0.0123217 0)
(-3.33983e-05 -0.0124556 0)
(-3.34352e-05 -0.0125896 0)
(-3.34694e-05 -0.0127237 0)
(-3.3501e-05 -0.012858 0)
(-3.35299e-05 -0.0129924 0)
(-3.35561e-05 -0.0131269 0)
(-3.358e-05 -0.0132615 0)
(-3.36008e-05 -0.0133962 0)
(-3.36198e-05 -0.0135309 0)
(-3.36355e-05 -0.0136658 0)
(-3.36481e-05 -0.0138007 0)
(-3.36579e-05 -0.0139356 0)
(-3.36643e-05 -0.0140706 0)
(-3.3668e-05 -0.0142056 0)
(-3.36702e-05 -0.0143406 0)
(1.71367e-07 3.75752e-07 0)
(5.61367e-07 -7.95806e-07 0)
(9.85271e-07 -4.14176e-06 0)
(1.40782e-06 -9.24226e-06 0)
(1.82789e-06 -1.60241e-05 0)
(2.24117e-06 -2.44512e-05 0)
(2.65018e-06 -3.45008e-05 0)
(3.05488e-06 -4.61668e-05 0)
(3.4564e-06 -5.94377e-05 0)
(3.85486e-06 -7.43054e-05 0)
(4.25063e-06 -9.07595e-05 0)
(4.64368e-06 -0.00010879 0)
(5.0343e-06 -0.000128386 0)
(5.42223e-06 -0.000149539 0)
(5.80815e-06 -0.000172236 0)
(6.19121e-06 -0.000196468 0)
(6.57274e-06 -0.000222223 0)
(6.9512e-06 -0.000249493 0)
(7.32617e-06 -0.000278264 0)
(7.69806e-06 -0.00030852 0)
(8.06887e-06 -0.00034026 0)
(8.43587e-06 -0.00037347 0)
(8.79991e-06 -0.000408141 0)
(9.16128e-06 -0.000444261 0)
(9.51977e-06 -0.00048182 0)
(9.87571e-06 -0.000520808 0)
(1.02289e-05 -0.000561214 0)
(1.05796e-05 -0.000603027 0)
(1.09275e-05 -0.000646237 0)
(1.12728e-05 -0.000690833 0)
(1.16155e-05 -0.000736805 0)
(1.19556e-05 -0.000784142 0)
(1.2293e-05 -0.000832834 0)
(1.26278e-05 -0.00088287 0)
(1.296e-05 -0.000934239 0)
(1.32896e-05 -0.000986932 0)
(1.36167e-05 -0.00104094 0)
(1.3941e-05 -0.00109624 0)
(1.42633e-05 -0.00115284 0)
(1.4582e-05 -0.00121072 0)
(1.49007e-05 -0.00126987 0)
(1.52102e-05 -0.00133028 0)
(1.55291e-05 -0.00139194 0)
(1.58028e-05 -0.00145484 0)
(1.61149e-05 -0.00151896 0)
(1.64248e-05 -0.00158429 0)
(1.67256e-05 -0.00165084 0)
(1.70262e-05 -0.00171859 0)
(1.73217e-05 -0.00178752 0)
(1.76151e-05 -0.00185762 0)
(1.79052e-05 -0.00192889 0)
(1.81928e-05 -0.00200131 0)
(1.84774e-05 -0.00207488 0)
(1.87595e-05 -0.00214957 0)
(1.90388e-05 -0.0022254 0)
(1.93155e-05 -0.00230233 0)
(1.95895e-05 -0.00238036 0)
(1.98609e-05 -0.00245949 0)
(2.01296e-05 -0.00253969 0)
(2.03957e-05 -0.00262096 0)
(2.06592e-05 -0.0027033 0)
(2.09201e-05 -0.00278668 0)
(2.11783e-05 -0.0028711 0)
(2.14338e-05 -0.00295654 0)
(2.16868e-05 -0.00304301 0)
(2.19371e-05 -0.00313047 0)
(2.21847e-05 -0.00321894 0)
(2.24297e-05 -0.00330839 0)
(2.26721e-05 -0.00339881 0)
(2.29119e-05 -0.0034902 0)
(2.3149e-05 -0.00358255 0)
(2.33834e-05 -0.00367583 0)
(2.36153e-05 -0.00377005 0)
(2.38445e-05 -0.00386519 0)
(2.40714e-05 -0.00396124 0)
(2.42958e-05 -0.00405819 0)
(2.45174e-05 -0.00415603 0)
(2.47348e-05 -0.00425475 0)
(2.49546e-05 -0.00435434 0)
(2.51637e-05 -0.00445479 0)
(2.53986e-05 -0.00455607 0)
(2.56032e-05 -0.00465821 0)
(2.58042e-05 -0.00476118 0)
(2.60071e-05 -0.00486495 0)
(2.62055e-05 -0.00496954 0)
(2.64029e-05 -0.00507492 0)
(2.65973e-05 -0.00518108 0)
(2.67896e-05 -0.00528802 0)
(2.69792e-05 -0.00539573 0)
(2.71664e-05 -0.00550419 0)
(2.73509e-05 -0.00561339 0)
(2.75332e-05 -0.00572332 0)
(2.77125e-05 -0.00583397 0)
(2.78906e-05 -0.00594534 0)
(2.80641e-05 -0.00605741 0)
(2.82382e-05 -0.00617017 0)
(2.8406e-05 -0.00628361 0)
(2.8569e-05 -0.00639771 0)
(2.87341e-05 -0.00651248 0)
(2.88933e-05 -0.00662789 0)
(2.90525e-05 -0.00674395 0)
(2.92071e-05 -0.00686063 0)
(2.93602e-05 -0.00697792 0)
(2.95102e-05 -0.00709583 0)
(2.96578e-05 -0.00721433 0)
(2.98028e-05 -0.00733341 0)
(2.99451e-05 -0.00745307 0)
(3.00849e-05 -0.00757329 0)
(3.0222e-05 -0.00769407 0)
(3.03564e-05 -0.00781539 0)
(3.04883e-05 -0.00793724 0)
(3.06175e-05 -0.00805962 0)
(3.0744e-05 -0.0081825 0)
(3.08679e-05 -0.00830589 0)
(3.09892e-05 -0.00842976 0)
(3.11079e-05 -0.00855412 0)
(3.12239e-05 -0.00867895 0)
(3.13372e-05 -0.00880423 0)
(3.1448e-05 -0.00892996 0)
(3.15561e-05 -0.00905613 0)
(3.16615e-05 -0.00918273 0)
(3.17643e-05 -0.00930974 0)
(3.18645e-05 -0.00943716 0)
(3.19621e-05 -0.00956498 0)
(3.2057e-05 -0.00969318 0)
(3.21492e-05 -0.00982175 0)
(3.22389e-05 -0.00995069 0)
(3.23259e-05 -0.01008 0)
(3.24102e-05 -0.0102096 0)
(3.24919e-05 -0.0103396 0)
(3.2571e-05 -0.0104699 0)
(3.26475e-05 -0.0106005 0)
(3.27213e-05 -0.0107314 0)
(3.27924e-05 -0.0108625 0)
(3.2861e-05 -0.010994 0)
(3.29269e-05 -0.0111258 0)
(3.29901e-05 -0.0112577 0)
(3.30507e-05 -0.01139 0)
(3.31087e-05 -0.0115225 0)
(3.31641e-05 -0.0116552 0)
(3.32168e-05 -0.0117881 0)
(3.32668e-05 -0.0119212 0)
(3.33143e-05 -0.0120545 0)
(3.33591e-05 -0.0121881 0)
(3.34012e-05 -0.0123217 0)
(3.34408e-05 -0.0124556 0)
(3.34776e-05 -0.0125896 0)
(3.35119e-05 -0.0127237 0)
(3.35435e-05 -0.012858 0)
(3.35725e-05 -0.0129924 0)
(3.35989e-05 -0.0131269 0)
(3.36224e-05 -0.0132615 0)
(3.36435e-05 -0.0133962 0)
(3.36614e-05 -0.0135309 0)
(3.3677e-05 -0.0136658 0)
(3.36896e-05 -0.0138007 0)
(3.36992e-05 -0.0139356 0)
(3.3706e-05 -0.0140706 0)
(3.37095e-05 -0.0142056 0)
(3.37119e-05 -0.0143406 0)
(5.15578e-07 3.03726e-07 0)
(1.69014e-06 -9.38813e-07 0)
(2.96184e-06 -4.31494e-06 0)
(4.22816e-06 -9.42306e-06 0)
(5.48696e-06 -1.62046e-05 0)
(6.72563e-06 -2.46294e-05 0)
(7.95195e-06 -3.46766e-05 0)
(9.16556e-06 -4.63406e-05 0)
(1.03698e-05 -5.961e-05 0)
(1.15649e-05 -7.44764e-05 0)
(1.27519e-05 -9.09292e-05 0)
(1.39307e-05 -0.000108959 0)
(1.51017e-05 -0.000128554 0)
(1.62647e-05 -0.000149705 0)
(1.74203e-05 -0.000172401 0)
(1.85679e-05 -0.000196632 0)
(1.97081e-05 -0.000222386 0)
(2.08401e-05 -0.000249654 0)
(2.19631e-05 -0.000278423 0)
(2.30783e-05 -0.000308679 0)
(2.41867e-05 -0.000340418 0)
(2.52863e-05 -0.000373628 0)
(2.63779e-05 -0.000408297 0)
(2.74614e-05 -0.000444416 0)
(2.85369e-05 -0.000481974 0)
(2.96044e-05 -0.000520961 0)
(3.0664e-05 -0.000561365 0)
(3.17157e-05 -0.000603177 0)
(3.27594e-05 -0.000646386 0)
(3.37953e-05 -0.000690981 0)
(3.48232e-05 -0.000736952 0)
(3.58433e-05 -0.000784288 0)
(3.68554e-05 -0.000832978 0)
(3.78596e-05 -0.000883013 0)
(3.8856e-05 -0.000934382 0)
(3.98444e-05 -0.000987073 0)
(4.08251e-05 -0.00104108 0)
(4.17978e-05 -0.00109638 0)
(4.27633e-05 -0.00115298 0)
(4.37201e-05 -0.00121086 0)
(4.46735e-05 -0.00127 0)
(4.56117e-05 -0.00133041 0)
(4.65768e-05 -0.00139207 0)
(4.74611e-05 -0.00145496 0)
(4.83373e-05 -0.00151909 0)
(4.92785e-05 -0.00158443 0)
(5.01771e-05 -0.00165097 0)
(5.10749e-05 -0.00171871 0)
(5.19604e-05 -0.00178764 0)
(5.28388e-05 -0.00185775 0)
(5.37084e-05 -0.00192901 0)
(5.45702e-05 -0.00200143 0)
(5.54239e-05 -0.002075 0)
(5.62697e-05 -0.0021497 0)
(5.71075e-05 -0.00222551 0)
(5.79374e-05 -0.00230245 0)
(5.87593e-05 -0.00238048 0)
(5.95734e-05 -0.0024596 0)
(6.03795e-05 -0.0025398 0)
(6.11778e-05 -0.00262108 0)
(6.19681e-05 -0.00270341 0)
(6.27505e-05 -0.00278679 0)
(6.3525e-05 -0.00287121 0)
(6.42916e-05 -0.00295665 0)
(6.50503e-05 -0.00304311 0)
(6.58011e-05 -0.00313058 0)
(6.65439e-05 -0.00321905 0)
(6.72789e-05 -0.00330849 0)
(6.80059e-05 -0.00339892 0)
(6.87251e-05 -0.00349031 0)
(6.94363e-05 -0.00358265 0)
(7.01396e-05 -0.00367593 0)
(7.08351e-05 -0.00377015 0)
(7.15226e-05 -0.00386529 0)
(7.22024e-05 -0.00396133 0)
(7.28742e-05 -0.00405829 0)
(7.3538e-05 -0.00415613 0)
(7.41909e-05 -0.00425485 0)
(7.48413e-05 -0.00435443 0)
(7.54601e-05 -0.00445488 0)
(7.61209e-05 -0.00455617 0)
(7.6774e-05 -0.0046583 0)
(7.73686e-05 -0.00476126 0)
(7.79792e-05 -0.00486504 0)
(7.85768e-05 -0.00496962 0)
(7.91697e-05 -0.005075 0)
(7.9754e-05 -0.00518117 0)
(8.0331e-05 -0.00528811 0)
(8.09e-05 -0.00539581 0)
(8.14614e-05 -0.00550427 0)
(8.20148e-05 -0.00561347 0)
(8.25607e-05 -0.0057234 0)
(8.30982e-05 -0.00583405 0)
(8.36297e-05 -0.00594542 0)
(8.41509e-05 -0.00605748 0)
(8.46704e-05 -0.00617024 0)
(8.51787e-05 -0.00628368 0)
(8.56657e-05 -0.00639778 0)
(8.61618e-05 -0.00651255 0)
(8.66406e-05 -0.00662796 0)
(8.71167e-05 -0.00674401 0)
(8.75819e-05 -0.00686069 0)
(8.80408e-05 -0.00697799 0)
(8.84912e-05 -0.00709589 0)
(8.89341e-05 -0.00721439 0)
(8.9369e-05 -0.00733347 0)
(8.97961e-05 -0.00745313 0)
(9.02153e-05 -0.00757335 0)
(9.06265e-05 -0.00769413 0)
(9.10299e-05 -0.00781545 0)
(9.14253e-05 -0.0079373 0)
(9.18128e-05 -0.00805967 0)
(9.21924e-05 -0.00818256 0)
(9.25641e-05 -0.00830594 0)
(9.29279e-05 -0.00842982 0)
(9.32838e-05 -0.00855417 0)
(9.36318e-05 -0.008679 0)
(9.39718e-05 -0.00880428 0)
(9.4304e-05 -0.00893001 0)
(9.46282e-05 -0.00905618 0)
(9.49445e-05 -0.00918278 0)
(9.52529e-05 -0.00930979 0)
(9.55534e-05 -0.00943721 0)
(9.5846e-05 -0.00956502 0)
(9.61307e-05 -0.00969322 0)
(9.64074e-05 -0.00982179 0)
(9.66763e-05 -0.00995073 0)
(9.69372e-05 -0.01008 0)
(9.71903e-05 -0.0102096 0)
(9.74354e-05 -0.0103396 0)
(9.76726e-05 -0.0104699 0)
(9.79019e-05 -0.0106005 0)
(9.81233e-05 -0.0107314 0)
(9.83367e-05 -0.0108626 0)
(9.85423e-05 -0.010994 0)
(9.874e-05 -0.0111258 0)
(9.89297e-05 -0.0112578 0)
(9.91115e-05 -0.01139 0)
(9.92855e-05 -0.0115225 0)
(9.94515e-05 -0.0116552 0)
(9.96096e-05 -0.0117881 0)
(9.97597e-05 -0.0119212 0)
(9.9902e-05 -0.0120546 0)
(0.000100036 -0.0121881 0)
(0.000100163 -0.0123218 0)
(0.000100281 -0.0124556 0)
(0.000100392 -0.0125896 0)
(0.000100495 -0.0127237 0)
(0.00010059 -0.012858 0)
(0.000100676 -0.0129924 0)
(0.000100755 -0.0131269 0)
(0.000100826 -0.0132615 0)
(0.000100889 -0.0133962 0)
(0.000100944 -0.013531 0)
(0.000100991 -0.0136658 0)
(0.000101029 -0.0138007 0)
(0.000101058 -0.0139356 0)
(0.000101078 -0.0140706 0)
(0.000101089 -0.0142056 0)
(0.000101096 -0.0143406 0)
(8.63963e-07 1.5534e-07 0)
(2.83783e-06 -1.22723e-06 0)
(4.95708e-06 -4.65973e-06 0)
(7.06358e-06 -9.78178e-06 0)
(9.15713e-06 -1.65622e-05 0)
(1.12183e-05 -2.49823e-05 0)
(1.32602e-05 -3.50251e-05 0)
(1.52818e-05 -4.66853e-05 0)
(1.72884e-05 -5.99516e-05 0)
(1.92799e-05 -7.48153e-05 0)
(2.1258e-05 -9.12657e-05 0)
(2.32225e-05 -0.000109293 0)
(2.51739e-05 -0.000128886 0)
(2.7112e-05 -0.000150035 0)
(2.90372e-05 -0.000172729 0)
(3.09491e-05 -0.000196957 0)
(3.28481e-05 -0.000222709 0)
(3.47337e-05 -0.000249974 0)
(3.66051e-05 -0.000278741 0)
(3.84634e-05 -0.000308996 0)
(4.03095e-05 -0.000340732 0)
(4.21417e-05 -0.000373939 0)
(4.39607e-05 -0.000408606 0)
(4.57664e-05 -0.000444723 0)
(4.75588e-05 -0.000482279 0)
(4.93379e-05 -0.000521263 0)
(5.11039e-05 -0.000561665 0)
(5.28566e-05 -0.000603475 0)
(5.45962e-05 -0.000646681 0)
(5.63226e-05 -0.000691274 0)
(5.80358e-05 -0.000737243 0)
(5.97358e-05 -0.000784577 0)
(6.14226e-05 -0.000833265 0)
(6.30962e-05 -0.000883298 0)
(6.47567e-05 -0.000934664 0)
(6.6404e-05 -0.000987353 0)
(6.80383e-05 -0.00104135 0)
(6.96593e-05 -0.00109666 0)
(7.12677e-05 -0.00115325 0)
(7.28624e-05 -0.00121113 0)
(7.44463e-05 -0.00127027 0)
(7.60146e-05 -0.00133068 0)
(7.75763e-05 -0.00139233 0)
(7.91242e-05 -0.00145521 0)
(8.06176e-05 -0.00151934 0)
(8.21405e-05 -0.00158469 0)
(8.36382e-05 -0.00165123 0)
(8.51292e-05 -0.00171897 0)
(8.66044e-05 -0.00178789 0)
(8.80674e-05 -0.00185799 0)
(8.95165e-05 -0.00192926 0)
(9.09525e-05 -0.00200168 0)
(9.23752e-05 -0.00207524 0)
(9.37847e-05 -0.00214993 0)
(9.5181e-05 -0.00222575 0)
(9.65641e-05 -0.00230268 0)
(9.7934e-05 -0.00238071 0)
(9.92907e-05 -0.00245983 0)
(0.000100634 -0.00254003 0)
(0.000101965 -0.0026213 0)
(0.000103282 -0.00270363 0)
(0.000104586 -0.00278701 0)
(0.000105877 -0.00287143 0)
(0.000107154 -0.00295687 0)
(0.000108419 -0.00304333 0)
(0.00010967 -0.00313079 0)
(0.000110908 -0.00321926 0)
(0.000112133 -0.0033087 0)
(0.000113345 -0.00339912 0)
(0.000114543 -0.00349051 0)
(0.000115728 -0.00358285 0)
(0.000116901 -0.00367613 0)
(0.00011806 -0.00377034 0)
(0.000119205 -0.00386548 0)
(0.000120338 -0.00396153 0)
(0.000121458 -0.00405848 0)
(0.000122564 -0.00415631 0)
(0.000123655 -0.00425503 0)
(0.000124735 -0.00435461 0)
(0.000125798 -0.00445506 0)
(0.000126848 -0.00455636 0)
(0.000127913 -0.00465848 0)
(0.000128935 -0.00476144 0)
(0.000129953 -0.00486521 0)
(0.000130953 -0.00496979 0)
(0.000131941 -0.00507517 0)
(0.000132915 -0.00518133 0)
(0.000133877 -0.00528827 0)
(0.000134826 -0.00539597 0)
(0.000135761 -0.00550442 0)
(0.000136683 -0.00561362 0)
(0.000137593 -0.00572355 0)
(0.000138489 -0.0058342 0)
(0.000139374 -0.00594557 0)
(0.000140241 -0.00605763 0)
(0.000141117 -0.00617039 0)
(0.000141934 -0.00628382 0)
(0.000142762 -0.00639792 0)
(0.000143593 -0.00651269 0)
(0.000144392 -0.0066281 0)
(0.000145185 -0.00674415 0)
(0.000145961 -0.00686082 0)
(0.000146726 -0.00697812 0)
(0.000147477 -0.00709602 0)
(0.000148215 -0.00721451 0)
(0.00014894 -0.00733359 0)
(0.000149652 -0.00745325 0)
(0.00015035 -0.00757347 0)
(0.000151036 -0.00769424 0)
(0.000151708 -0.00781556 0)
(0.000152367 -0.00793741 0)
(0.000153013 -0.00805978 0)
(0.000153646 -0.00818266 0)
(0.000154265 -0.00830605 0)
(0.000154871 -0.00842992 0)
(0.000155465 -0.00855427 0)
(0.000156044 -0.00867909 0)
(0.000156611 -0.00880437 0)
(0.000157165 -0.0089301 0)
(0.000157705 -0.00905627 0)
(0.000158232 -0.00918286 0)
(0.000158746 -0.00930987 0)
(0.000159247 -0.00943729 0)
(0.000159735 -0.0095651 0)
(0.000160209 -0.0096933 0)
(0.00016067 -0.00982187 0)
(0.000161119 -0.0099508 0)
(0.000161553 -0.0100801 0)
(0.000161975 -0.0102097 0)
(0.000162384 -0.0103397 0)
(0.000162779 -0.01047 0)
(0.000163161 -0.0106006 0)
(0.00016353 -0.0107315 0)
(0.000163886 -0.0108626 0)
(0.000164228 -0.0109941 0)
(0.000164558 -0.0111258 0)
(0.000164874 -0.0112578 0)
(0.000165177 -0.0113901 0)
(0.000165467 -0.0115225 0)
(0.000165744 -0.0116552 0)
(0.000166007 -0.0117882 0)
(0.000166257 -0.0119213 0)
(0.000166495 -0.0120546 0)
(0.000166719 -0.0121881 0)
(0.000166929 -0.0123218 0)
(0.000167127 -0.0124556 0)
(0.000167311 -0.0125896 0)
(0.000167482 -0.0127238 0)
(0.000167641 -0.012858 0)
(0.000167785 -0.0129924 0)
(0.000167917 -0.0131269 0)
(0.000168035 -0.0132615 0)
(0.00016814 -0.0133962 0)
(0.000168232 -0.013531 0)
(0.00016831 -0.0136658 0)
(0.000168374 -0.0138007 0)
(0.000168423 -0.0139356 0)
(0.000168457 -0.0140706 0)
(0.000168476 -0.0142056 0)
(0.000168487 -0.0143406 0)
(1.22222e-06 -9.0766e-08 0)
(4.01801e-06 -1.6765e-06 0)
(6.9837e-06 -5.1853e-06 0)
(9.92298e-06 -1.03244e-05 0)
(1.28449e-05 -1.71023e-05 0)
(1.5724e-05 -2.55159e-05 0)
(1.85789e-05 -3.55524e-05 0)
(2.14072e-05 -4.72074e-05 0)
(2.42154e-05 -6.04693e-05 0)
(2.70031e-05 -7.53291e-05 0)
(2.97721e-05 -9.17759e-05 0)
(3.25223e-05 -0.000109799 0)
(3.5254e-05 -0.000129389 0)
(3.79672e-05 -0.000150535 0)
(4.0662e-05 -0.000173225 0)
(4.33383e-05 -0.00019745 0)
(4.59961e-05 -0.000223199 0)
(4.86353e-05 -0.00025046 0)
(5.12551e-05 -0.000279223 0)
(5.38567e-05 -0.000309475 0)
(5.64404e-05 -0.000341208 0)
(5.90052e-05 -0.000374411 0)
(6.15516e-05 -0.000409075 0)
(6.40794e-05 -0.000445188 0)
(6.65887e-05 -0.000482741 0)
(6.90795e-05 -0.000521722 0)
(7.15518e-05 -0.00056212 0)
(7.40056e-05 -0.000603927 0)
(7.64409e-05 -0.00064713 0)
(7.88578e-05 -0.000691719 0)
(8.12563e-05 -0.000737684 0)
(8.36363e-05 -0.000785015 0)
(8.59978e-05 -0.0008337 0)
(8.83408e-05 -0.000883729 0)
(9.06654e-05 -0.000935092 0)
(9.29716e-05 -0.000987778 0)
(9.52594e-05 -0.00104178 0)
(9.75287e-05 -0.00109708 0)
(9.978e-05 -0.00115367 0)
(0.000102012 -0.00121154 0)
(0.000104228 -0.00127068 0)
(0.000106423 -0.00133108 0)
(0.000108601 -0.00139273 0)
(0.000110758 -0.00145561 0)
(0.000112883 -0.00151973 0)
(0.000115007 -0.00158507 0)
(0.000117106 -0.00165161 0)
(0.000119191 -0.00171935 0)
(0.000121256 -0.00178827 0)
(0.000123304 -0.00185837 0)
(0.000125333 -0.00192963 0)
(0.000127343 -0.00200205 0)
(0.000129335 -0.00207561 0)
(0.000131308 -0.0021503 0)
(0.000133263 -0.00222611 0)
(0.000135199 -0.00230304 0)
(0.000137117 -0.00238106 0)
(0.000139016 -0.00246018 0)
(0.000140897 -0.00254038 0)
(0.000142759 -0.00262165 0)
(0.000144603 -0.00270397 0)
(0.000146429 -0.00278735 0)
(0.000148236 -0.00287176 0)
(0.000150025 -0.0029572 0)
(0.000151795 -0.00304365 0)
(0.000153547 -0.00313112 0)
(0.00015528 -0.00321957 0)
(0.000156995 -0.00330902 0)
(0.000158691 -0.00339944 0)
(0.000160369 -0.00349082 0)
(0.000162029 -0.00358315 0)
(0.00016367 -0.00367643 0)
(0.000165292 -0.00377064 0)
(0.000166896 -0.00386577 0)
(0.000168482 -0.00396182 0)
(0.000170049 -0.00405876 0)
(0.000171598 -0.0041566 0)
(0.000173127 -0.00425531 0)
(0.000174639 -0.00435489 0)
(0.000176132 -0.00445533 0)
(0.000177609 -0.00455663 0)
(0.000179076 -0.00465875 0)
(0.000180513 -0.0047617 0)
(0.000181936 -0.00486547 0)
(0.000183336 -0.00497005 0)
(0.00018472 -0.00507542 0)
(0.000186085 -0.00518158 0)
(0.000187431 -0.00528852 0)
(0.000188759 -0.00539621 0)
(0.000190069 -0.00550466 0)
(0.00019136 -0.00561386 0)
(0.000192633 -0.00572379 0)
(0.000193887 -0.00583443 0)
(0.000195124 -0.00594579 0)
(0.000196336 -0.00605786 0)
(0.000197541 -0.0061706 0)
(0.000198684 -0.00628403 0)
(0.000199874 -0.00639814 0)
(0.000201045 -0.0065129 0)
(0.000202153 -0.0066283 0)
(0.000203263 -0.00674435 0)
(0.000204349 -0.00686102 0)
(0.000205419 -0.00697831 0)
(0.000206471 -0.00709621 0)
(0.000207504 -0.0072147 0)
(0.000208519 -0.00733378 0)
(0.000209516 -0.00745343 0)
(0.000210494 -0.00757365 0)
(0.000211453 -0.00769442 0)
(0.000212394 -0.00781573 0)
(0.000213317 -0.00793758 0)
(0.000214221 -0.00805995 0)
(0.000215107 -0.00818282 0)
(0.000215974 -0.0083062 0)
(0.000216823 -0.00843007 0)
(0.000217653 -0.00855442 0)
(0.000218465 -0.00867924 0)
(0.000219259 -0.00880452 0)
(0.000220034 -0.00893025 0)
(0.00022079 -0.00905641 0)
(0.000221528 -0.009183 0)
(0.000222248 -0.00931001 0)
(0.000222949 -0.00943742 0)
(0.000223632 -0.00956523 0)
(0.000224296 -0.00969342 0)
(0.000224941 -0.00982199 0)
(0.000225569 -0.00995092 0)
(0.000226178 -0.0100802 0)
(0.000226768 -0.0102098 0)
(0.00022734 -0.0103398 0)
(0.000227893 -0.0104701 0)
(0.000228428 -0.0106007 0)
(0.000228945 -0.0107315 0)
(0.000229443 -0.0108627 0)
(0.000229923 -0.0109942 0)
(0.000230384 -0.0111259 0)
(0.000230826 -0.0112579 0)
(0.000231251 -0.0113901 0)
(0.000231657 -0.0115226 0)
(0.000232044 -0.0116553 0)
(0.000232413 -0.0117882 0)
(0.000232763 -0.0119213 0)
(0.000233095 -0.0120547 0)
(0.000233409 -0.0121882 0)
(0.000233704 -0.0123218 0)
(0.00023398 -0.0124557 0)
(0.000234238 -0.0125897 0)
(0.000234478 -0.0127238 0)
(0.000234699 -0.0128581 0)
(0.000234902 -0.0129924 0)
(0.000235086 -0.0131269 0)
(0.000235252 -0.0132615 0)
(0.000235399 -0.0133962 0)
(0.000235528 -0.013531 0)
(0.000235638 -0.0136658 0)
(0.000235728 -0.0138007 0)
(0.000235798 -0.0139357 0)
(0.000235847 -0.0140706 0)
(0.000235874 -0.0142056 0)
(0.000235889 -0.0143407 0)
(1.5997e-06 -4.45541e-07 0)
(5.2464e-06 -2.28894e-06 0)
(9.05332e-06 -5.88008e-06 0)
(1.28133e-05 -1.10363e-05 0)
(1.65548e-05 -1.78093e-05 0)
(2.02462e-05 -2.62147e-05 0)
(2.39114e-05 -3.62437e-05 0)
(2.75449e-05 -4.78922e-05 0)
(3.11541e-05 -6.11487e-05 0)
(3.47377e-05 -7.60035e-05 0)
(3.82976e-05 -9.24457e-05 0)
(4.18333e-05 -0.000110465 0)
(4.53454e-05 -0.00013005 0)
(4.88336e-05 -0.000151191 0)
(5.22981e-05 -0.000173877 0)
(5.57387e-05 -0.000198097 0)
(5.91554e-05 -0.000223841 0)
(6.25482e-05 -0.000251098 0)
(6.59165e-05 -0.000279856 0)
(6.92612e-05 -0.000310104 0)
(7.25826e-05 -0.000341833 0)
(7.58801e-05 -0.000375032 0)
(7.91538e-05 -0.000409691 0)
(8.24037e-05 -0.0004458 0)
(8.56299e-05 -0.000483348 0)
(8.88323e-05 -0.000522324 0)
(9.20109e-05 -0.000562718 0)
(9.51658e-05 -0.00060452 0)
(9.8297e-05 -0.000647718 0)
(0.000101404 -0.000692303 0)
(0.000104488 -0.000738264 0)
(0.000107548 -0.00078559 0)
(0.000110584 -0.000834271 0)
(0.000113597 -0.000884295 0)
(0.000116585 -0.000935654 0)
(0.00011955 -0.000988335 0)
(0.000122492 -0.00104233 0)
(0.000125409 -0.00109762 0)
(0.000128303 -0.00115421 0)
(0.000131173 -0.00121208 0)
(0.00013402 -0.00127122 0)
(0.000136842 -0.00133162 0)
(0.00013964 -0.00139326 0)
(0.000142415 -0.00145613 0)
(0.000145158 -0.00152025 0)
(0.000147885 -0.00158559 0)
(0.000150585 -0.00165212 0)
(0.000153265 -0.00171986 0)
(0.00015592 -0.00178877 0)
(0.000158552 -0.00185887 0)
(0.00016116 -0.00193012 0)
(0.000163744 -0.00200253 0)
(0.000166305 -0.00207609 0)
(0.000168842 -0.00215077 0)
(0.000171355 -0.00222658 0)
(0.000173845 -0.0023035 0)
(0.000176311 -0.00238153 0)
(0.000178753 -0.00246064 0)
(0.000181171 -0.00254083 0)
(0.000183566 -0.0026221 0)
(0.000185936 -0.00270442 0)
(0.000188284 -0.00278779 0)
(0.000190607 -0.00287219 0)
(0.000192907 -0.00295763 0)
(0.000195183 -0.00304408 0)
(0.000197435 -0.00313154 0)
(0.000199663 -0.00321999 0)
(0.000201868 -0.00330943 0)
(0.000204049 -0.00339984 0)
(0.000206206 -0.00349122 0)
(0.00020834 -0.00358355 0)
(0.00021045 -0.00367683 0)
(0.000212536 -0.00377103 0)
(0.000214598 -0.00386616 0)
(0.000216637 -0.0039622 0)
(0.000218652 -0.00405914 0)
(0.000220643 -0.00415697 0)
(0.00022261 -0.00425568 0)
(0.000224554 -0.00435526 0)
(0.000226475 -0.0044557 0)
(0.000228373 -0.00455699 0)
(0.000230251 -0.0046591 0)
(0.000232101 -0.00476205 0)
(0.000233929 -0.00486582 0)
(0.000235731 -0.00497039 0)
(0.00023751 -0.00507576 0)
(0.000239265 -0.00518191 0)
(0.000240997 -0.00528884 0)
(0.000242704 -0.00539653 0)
(0.000244388 -0.00550498 0)
(0.000246048 -0.00561417 0)
(0.000247684 -0.00572409 0)
(0.000249296 -0.00583474 0)
(0.000250886 -0.00594609 0)
(0.000252448 -0.00605815 0)
(0.000253991 -0.00617089 0)
(0.000255497 -0.00628432 0)
(0.000256988 -0.00639842 0)
(0.000258479 -0.00651317 0)
(0.000259922 -0.00662857 0)
(0.000261349 -0.00674462 0)
(0.000262747 -0.00686129 0)
(0.000264124 -0.00697857 0)
(0.000265476 -0.00709646 0)
(0.000266805 -0.00721495 0)
(0.000268109 -0.00733402 0)
(0.000269391 -0.00745367 0)
(0.000270648 -0.00757388 0)
(0.000271882 -0.00769465 0)
(0.000273092 -0.00781596 0)
(0.000274278 -0.0079378 0)
(0.000275441 -0.00806016 0)
(0.000276579 -0.00818304 0)
(0.000277694 -0.00830641 0)
(0.000278786 -0.00843028 0)
(0.000279853 -0.00855462 0)
(0.000280897 -0.00867944 0)
(0.000281917 -0.00880471 0)
(0.000282914 -0.00893043 0)
(0.000283886 -0.00905659 0)
(0.000284835 -0.00918318 0)
(0.00028576 -0.00931018 0)
(0.000286662 -0.00943759 0)
(0.00028754 -0.00956539 0)
(0.000288394 -0.00969358 0)
(0.000289224 -0.00982214 0)
(0.00029003 -0.00995107 0)
(0.000290813 -0.0100803 0)
(0.000291572 -0.01021 0)
(0.000292307 -0.0103399 0)
(0.000293019 -0.0104702 0)
(0.000293707 -0.0106008 0)
(0.000294371 -0.0107317 0)
(0.000295011 -0.0108628 0)
(0.000295628 -0.0109943 0)
(0.000296221 -0.011126 0)
(0.00029679 -0.011258 0)
(0.000297336 -0.0113902 0)
(0.000297857 -0.0115227 0)
(0.000298355 -0.0116554 0)
(0.00029883 -0.0117883 0)
(0.00029928 -0.0119214 0)
(0.000299707 -0.0120547 0)
(0.00030011 -0.0121882 0)
(0.000300489 -0.0123219 0)
(0.000300845 -0.0124557 0)
(0.000301177 -0.0125897 0)
(0.000301485 -0.0127239 0)
(0.00030177 -0.0128581 0)
(0.00030203 -0.0129925 0)
(0.000302267 -0.013127 0)
(0.00030248 -0.0132616 0)
(0.00030267 -0.0133963 0)
(0.000302835 -0.013531 0)
(0.000302977 -0.0136658 0)
(0.000303094 -0.0138007 0)
(0.000303185 -0.0139357 0)
(0.000303251 -0.0140706 0)
(0.000303289 -0.0142056 0)
(0.000303308 -0.0143407 0)
(2.0261e-06 -9.78589e-07 0)
(6.53647e-06 -3.10656e-06 0)
(1.11772e-05 -6.7732e-06 0)
(1.5738e-05 -1.19409e-05 0)
(2.02898e-05 -1.8708e-05 0)
(2.47874e-05 -2.71045e-05 0)
(2.92601e-05 -3.71257e-05 0)
(3.36977e-05 -4.87671e-05 0)
(3.81074e-05 -6.20172e-05 0)
(4.24867e-05 -7.6866e-05 0)
(4.68374e-05 -9.33023e-05 0)
(5.11587e-05 -0.000111316 0)
(5.54511e-05 -0.000130895 0)
(5.97143e-05 -0.00015203 0)
(6.39485e-05 -0.00017471 0)
(6.81534e-05 -0.000198925 0)
(7.23291e-05 -0.000224663 0)
(7.64755e-05 -0.000251914 0)
(8.05923e-05 -0.000280666 0)
(8.46801e-05 -0.000310909 0)
(8.87392e-05 -0.000342632 0)
(9.27692e-05 -0.000375825 0)
(9.67703e-05 -0.000410478 0)
(0.000100742 -0.000446581 0)
(0.000104685 -0.000484124 0)
(0.000108599 -0.000523094 0)
(0.000112484 -0.000563483 0)
(0.00011634 -0.000605279 0)
(0.000120167 -0.000648472 0)
(0.000123965 -0.000693051 0)
(0.000127734 -0.000739006 0)
(0.000131474 -0.000786326 0)
(0.000135185 -0.000835001 0)
(0.000138867 -0.00088502 0)
(0.00014252 -0.000936372 0)
(0.000146144 -0.000989048 0)
(0.000149738 -0.00104304 0)
(0.000153304 -0.00109833 0)
(0.000156841 -0.00115491 0)
(0.000160348 -0.00121277 0)
(0.000163827 -0.0012719 0)
(0.000167276 -0.00133229 0)
(0.000170695 -0.00139393 0)
(0.000174086 -0.0014568 0)
(0.000177444 -0.00152091 0)
(0.000180776 -0.00158624 0)
(0.000184078 -0.00165277 0)
(0.000187352 -0.0017205 0)
(0.000190597 -0.00178941 0)
(0.000193814 -0.0018595 0)
(0.000197002 -0.00193075 0)
(0.00020016 -0.00200315 0)
(0.00020329 -0.0020767 0)
(0.000206391 -0.00215138 0)
(0.000209462 -0.00222719 0)
(0.000212505 -0.0023041 0)
(0.000215519 -0.00238212 0)
(0.000218503 -0.00246123 0)
(0.000221459 -0.00254141 0)
(0.000224386 -0.00262267 0)
(0.000227284 -0.00270499 0)
(0.000230152 -0.00278835 0)
(0.000232992 -0.00287275 0)
(0.000235803 -0.00295818 0)
(0.000238584 -0.00304463 0)
(0.000241337 -0.00313208 0)
(0.000244061 -0.00322053 0)
(0.000246755 -0.00330996 0)
(0.000249421 -0.00340037 0)
(0.000252058 -0.00349174 0)
(0.000254666 -0.00358407 0)
(0.000257244 -0.00367733 0)
(0.000259794 -0.00377153 0)
(0.000262315 -0.00386666 0)
(0.000264806 -0.00396269 0)
(0.000267269 -0.00405962 0)
(0.000269703 -0.00415745 0)
(0.000272107 -0.00425615 0)
(0.000274484 -0.00435572 0)
(0.000276832 -0.00445616 0)
(0.000279151 -0.00455744 0)
(0.000281443 -0.00465955 0)
(0.000283704 -0.00476249 0)
(0.000285938 -0.00486625 0)
(0.000288141 -0.00497082 0)
(0.000290315 -0.00507618 0)
(0.00029246 -0.00518233 0)
(0.000294576 -0.00528926 0)
(0.000296663 -0.00539694 0)
(0.000298721 -0.00550538 0)
(0.00030075 -0.00561457 0)
(0.00030275 -0.00572448 0)
(0.00030472 -0.00583512 0)
(0.000306662 -0.00594647 0)
(0.000308573 -0.00605852 0)
(0.000310457 -0.00617126 0)
(0.000312307 -0.00628468 0)
(0.000314135 -0.00639878 0)
(0.000315941 -0.00651353 0)
(0.000317708 -0.00662892 0)
(0.00031945 -0.00674496 0)
(0.00032116 -0.00686162 0)
(0.000322842 -0.0069789 0)
(0.000324495 -0.00709679 0)
(0.000326119 -0.00721527 0)
(0.000327714 -0.00733434 0)
(0.00032928 -0.00745398 0)
(0.000330817 -0.00757419 0)
(0.000332325 -0.00769495 0)
(0.000333804 -0.00781625 0)
(0.000335253 -0.00793808 0)
(0.000336674 -0.00806044 0)
(0.000338066 -0.00818331 0)
(0.000339429 -0.00830668 0)
(0.000340763 -0.00843054 0)
(0.000342068 -0.00855488 0)
(0.000343343 -0.00867969 0)
(0.00034459 -0.00880495 0)
(0.000345808 -0.00893067 0)
(0.000346997 -0.00905682 0)
(0.000348157 -0.0091834 0)
(0.000349287 -0.0093104 0)
(0.000350389 -0.0094378 0)
(0.000351462 -0.0095656 0)
(0.000352506 -0.00969378 0)
(0.00035352 -0.00982234 0)
(0.000354506 -0.00995126 0)
(0.000355463 -0.0100805 0)
(0.00035639 -0.0102101 0)
(0.000357289 -0.0103401 0)
(0.000358159 -0.0104704 0)
(0.000359 -0.0106009 0)
(0.000359811 -0.0107318 0)
(0.000360594 -0.010863 0)
(0.000361348 -0.0109944 0)
(0.000362072 -0.0111262 0)
(0.000362768 -0.0112581 0)
(0.000363435 -0.0113904 0)
(0.000364072 -0.0115228 0)
(0.000364681 -0.0116555 0)
(0.000365261 -0.0117884 0)
(0.000365811 -0.0119215 0)
(0.000366333 -0.0120548 0)
(0.000366826 -0.0121883 0)
(0.000367289 -0.012322 0)
(0.000367724 -0.0124558 0)
(0.00036813 -0.0125898 0)
(0.000368506 -0.0127239 0)
(0.000368854 -0.0128582 0)
(0.000369173 -0.0129926 0)
(0.000369462 -0.013127 0)
(0.000369723 -0.0132616 0)
(0.000369954 -0.0133963 0)
(0.000370157 -0.0135311 0)
(0.00037033 -0.0136659 0)
(0.000370475 -0.0138008 0)
(0.000370589 -0.0139357 0)
(0.000370673 -0.0140707 0)
(0.000370725 -0.0142057 0)
(0.000370749 -0.0143407 0)
(2.57806e-06 -1.68702e-06 0)
(7.90892e-06 -4.10014e-06 0)
(1.33585e-05 -7.8115e-06 0)
(1.86953e-05 -1.29841e-05 0)
(2.40476e-05 -1.97433e-05 0)
(2.93479e-05 -2.81307e-05 0)
(3.46269e-05 -3.81443e-05 0)
(3.98684e-05 -4.97783e-05 0)
(4.50785e-05 -6.30216e-05 0)
(5.02537e-05 -7.78635e-05 0)
(5.53951e-05 -9.42931e-05 0)
(6.05021e-05 -0.0001123 0)
(6.55749e-05 -0.000131873 0)
(7.06131e-05 -0.000153001 0)
(7.5617e-05 -0.000175675 0)
(8.05863e-05 -0.000199883 0)
(8.55209e-05 -0.000225614 0)
(9.04209e-05 -0.000252858 0)
(9.5286e-05 -0.000281604 0)
(0.000100117 -0.000311839 0)
(0.000104914 -0.000343556 0)
(0.000109676 -0.000376743 0)
(0.000114405 -0.000411389 0)
(0.000119099 -0.000447486 0)
(0.000123759 -0.000485021 0)
(0.000128384 -0.000523985 0)
(0.000132976 -0.000564367 0)
(0.000137533 -0.000606157 0)
(0.000142055 -0.000649343 0)
(0.000146544 -0.000693915 0)
(0.000150998 -0.000739864 0)
(0.000155418 -0.000787177 0)
(0.000159804 -0.000835845 0)
(0.000164155 -0.000885858 0)
(0.000168472 -0.000937204 0)
(0.000172755 -0.000989873 0)
(0.000177003 -0.00104385 0)
(0.000181217 -0.00109914 0)
(0.000185397 -0.00115571 0)
(0.000189542 -0.00121357 0)
(0.000193652 -0.00127269 0)
(0.000197728 -0.00133308 0)
(0.000201768 -0.00139471 0)
(0.000205776 -0.00145757 0)
(0.000209748 -0.00152168 0)
(0.000213686 -0.001587 0)
(0.000217588 -0.00165352 0)
(0.000221458 -0.00172124 0)
(0.000225293 -0.00179015 0)
(0.000229094 -0.00186023 0)
(0.000232861 -0.00193147 0)
(0.000236594 -0.00200387 0)
(0.000240293 -0.00207741 0)
(0.000243957 -0.00215209 0)
(0.000247587 -0.00222789 0)
(0.000251183 -0.0023048 0)
(0.000254745 -0.0023828 0)
(0.000258272 -0.00246191 0)
(0.000261765 -0.00254209 0)
(0.000265224 -0.00262334 0)
(0.000268649 -0.00270565 0)
(0.000272039 -0.002789 0)
(0.000275395 -0.0028734 0)
(0.000278717 -0.00295882 0)
(0.000282004 -0.00304526 0)
(0.000285257 -0.00313271 0)
(0.000288476 -0.00322115 0)
(0.000291661 -0.00331057 0)
(0.000294811 -0.00340097 0)
(0.000297927 -0.00349234 0)
(0.000301009 -0.00358466 0)
(0.000304057 -0.00367792 0)
(0.00030707 -0.00377211 0)
(0.000310049 -0.00386723 0)
(0.000312994 -0.00396326 0)
(0.000315904 -0.00406018 0)
(0.00031878 -0.004158 0)
(0.000321622 -0.0042567 0)
(0.000324431 -0.00435626 0)
(0.000327206 -0.00445669 0)
(0.000329946 -0.00455797 0)
(0.000332653 -0.00466007 0)
(0.000335325 -0.00476301 0)
(0.000337964 -0.00486676 0)
(0.000340568 -0.00497132 0)
(0.000343138 -0.00507668 0)
(0.000345673 -0.00518282 0)
(0.000348174 -0.00528974 0)
(0.00035064 -0.00539742 0)
(0.000353072 -0.00550585 0)
(0.00035547 -0.00561503 0)
(0.000357833 -0.00572494 0)
(0.000360162 -0.00583557 0)
(0.000362457 -0.00594691 0)
(0.000364716 -0.00605896 0)
(0.000366943 -0.00617168 0)
(0.000369134 -0.0062851 0)
(0.000371293 -0.0063992 0)
(0.000373421 -0.00651394 0)
(0.000375511 -0.00662932 0)
(0.000377569 -0.00674535 0)
(0.000379591 -0.00686201 0)
(0.000381579 -0.00697928 0)
(0.000383532 -0.00709716 0)
(0.000385452 -0.00721564 0)
(0.000387337 -0.0073347 0)
(0.000389187 -0.00745433 0)
(0.000391004 -0.00757453 0)
(0.000392786 -0.00769529 0)
(0.000394533 -0.00781658 0)
(0.000396247 -0.00793841 0)
(0.000397926 -0.00806076 0)
(0.000399571 -0.00818362 0)
(0.000401181 -0.00830699 0)
(0.000402758 -0.00843084 0)
(0.0004043 -0.00855517 0)
(0.000405808 -0.00867997 0)
(0.000407281 -0.00880524 0)
(0.00040872 -0.00893094 0)
(0.000410125 -0.00905709 0)
(0.000411496 -0.00918366 0)
(0.000412832 -0.00931065 0)
(0.000414134 -0.00943805 0)
(0.000415402 -0.00956584 0)
(0.000416636 -0.00969402 0)
(0.000417835 -0.00982257 0)
(0.000419 -0.00995148 0)
(0.00042013 -0.0100807 0)
(0.000421227 -0.0102104 0)
(0.000422289 -0.0103403 0)
(0.000423317 -0.0104706 0)
(0.00042431 -0.0106011 0)
(0.00042527 -0.010732 0)
(0.000426195 -0.0108632 0)
(0.000427085 -0.0109946 0)
(0.000427942 -0.0111263 0)
(0.000428764 -0.0112583 0)
(0.000429552 -0.0113905 0)
(0.000430305 -0.011523 0)
(0.000431025 -0.0116557 0)
(0.00043171 -0.0117886 0)
(0.000432361 -0.0119217 0)
(0.000432977 -0.012055 0)
(0.000433559 -0.0121884 0)
(0.000434107 -0.0123221 0)
(0.000434621 -0.0124559 0)
(0.0004351 -0.0125899 0)
(0.000435545 -0.012724 0)
(0.000435956 -0.0128583 0)
(0.000436333 -0.0129926 0)
(0.000436675 -0.0131271 0)
(0.000436983 -0.0132617 0)
(0.000437257 -0.0133964 0)
(0.000437497 -0.0135311 0)
(0.000437702 -0.0136659 0)
(0.000437874 -0.0138008 0)
(0.000438013 -0.0139357 0)
(0.000438116 -0.0140707 0)
(0.000438185 -0.0142057 0)
(0.000438223 -0.0143407 0)
(3.49529e-06 -2.79788e-06 0)
(9.36005e-06 -5.36265e-06 0)
(1.5599e-05 -9.09059e-06 0)
(2.1677e-05 -1.42564e-05 0)
(2.78257e-05 -2.10151e-05 0)
(3.39268e-05 -2.93954e-05 0)
(4.00125e-05 -3.94027e-05 0)
(4.60582e-05 -5.10288e-05 0)
(5.20691e-05 -6.42642e-05 0)
(5.80402e-05 -7.9098e-05 0)
(6.39726e-05 -9.55195e-05 0)
(6.98652e-05 -0.000113518 0)
(7.57184e-05 -0.000133082 0)
(8.15318e-05 -0.000154203 0)
(8.73054e-05 -0.000176868 0)
(9.30391e-05 -0.000201068 0)
(9.87327e-05 -0.000226791 0)
(0.000104386 -0.000254027 0)
(0.00011 -0.000282764 0)
(0.000115573 -0.000312991 0)
(0.000121108 -0.0003447 0)
(0.000126603 -0.000377878 0)
(0.000132059 -0.000412517 0)
(0.000137475 -0.000448605 0)
(0.000142852 -0.000486132 0)
(0.000148189 -0.000525088 0)
(0.000153487 -0.000565462 0)
(0.000158745 -0.000607243 0)
(0.000163963 -0.000650421 0)
(0.000169142 -0.000694985 0)
(0.000174282 -0.000740926 0)
(0.000179382 -0.000788231 0)
(0.000184442 -0.000836891 0)
(0.000189463 -0.000886895 0)
(0.000194444 -0.000938233 0)
(0.000199385 -0.000990894 0)
(0.000204287 -0.00104487 0)
(0.00020915 -0.00110014 0)
(0.000213972 -0.00115671 0)
(0.000218755 -0.00121456 0)
(0.000223497 -0.00127367 0)
(0.0002282 -0.00133405 0)
(0.000232861 -0.00139567 0)
(0.000237486 -0.00145853 0)
(0.000242072 -0.00152262 0)
(0.000246615 -0.00158794 0)
(0.000251118 -0.00165445 0)
(0.000255583 -0.00172217 0)
(0.000260008 -0.00179106 0)
(0.000264394 -0.00186114 0)
(0.00026874 -0.00193237 0)
(0.000273048 -0.00200476 0)
(0.000277315 -0.0020783 0)
(0.000281543 -0.00215296 0)
(0.000285732 -0.00222875 0)
(0.000289881 -0.00230565 0)
(0.000293991 -0.00238365 0)
(0.000298061 -0.00246275 0)
(0.000302091 -0.00254292 0)
(0.000306082 -0.00262416 0)
(0.000310034 -0.00270646 0)
(0.000313946 -0.00278981 0)
(0.000317818 -0.0028742 0)
(0.000321651 -0.00295961 0)
(0.000325444 -0.00304604 0)
(0.000329197 -0.00313348 0)
(0.000332912 -0.00322191 0)
(0.000336586 -0.00331133 0)
(0.000340221 -0.00340172 0)
(0.000343817 -0.00349308 0)
(0.000347372 -0.00358539 0)
(0.000350889 -0.00367864 0)
(0.000354366 -0.00377283 0)
(0.000357803 -0.00386794 0)
(0.0003612 -0.00396396 0)
(0.000364559 -0.00406088 0)
(0.000367877 -0.00415869 0)
(0.000371157 -0.00425737 0)
(0.000374397 -0.00435693 0)
(0.0003776 -0.00445735 0)
(0.00038076 -0.00455862 0)
(0.000383882 -0.00466072 0)
(0.000386966 -0.00476364 0)
(0.000390011 -0.00486739 0)
(0.000393015 -0.00497194 0)
(0.000395981 -0.00507729 0)
(0.000398906 -0.00518342 0)
(0.000401791 -0.00529033 0)
(0.000404637 -0.005398 0)
(0.000407443 -0.00550643 0)
(0.00041021 -0.0056156 0)
(0.000412937 -0.0057255 0)
(0.000415624 -0.00583612 0)
(0.000418272 -0.00594746 0)
(0.000420879 -0.00605949 0)
(0.000423448 -0.00617221 0)
(0.00042598 -0.00628562 0)
(0.00042847 -0.00639971 0)
(0.000430922 -0.00651444 0)
(0.000433334 -0.00662982 0)
(0.000435708 -0.00674584 0)
(0.000438041 -0.00686249 0)
(0.000440336 -0.00697975 0)
(0.000442589 -0.00709763 0)
(0.000444804 -0.00721609 0)
(0.000446979 -0.00733515 0)
(0.000449114 -0.00745477 0)
(0.00045121 -0.00757496 0)
(0.000453266 -0.00769571 0)
(0.000455283 -0.007817 0)
(0.00045726 -0.00793882 0)
(0.000459197 -0.00806116 0)
(0.000461095 -0.00818401 0)
(0.000462954 -0.00830737 0)
(0.000464773 -0.00843121 0)
(0.000466552 -0.00855554 0)
(0.000468292 -0.00868033 0)
(0.000469992 -0.00880558 0)
(0.000471652 -0.00893128 0)
(0.000473273 -0.00905742 0)
(0.000474855 -0.00918399 0)
(0.000476397 -0.00931097 0)
(0.000477899 -0.00943836 0)
(0.000479362 -0.00956614 0)
(0.000480785 -0.00969431 0)
(0.000482169 -0.00982285 0)
(0.000483513 -0.00995175 0)
(0.000484818 -0.010081 0)
(0.000486083 -0.0102106 0)
(0.000487308 -0.0103405 0)
(0.000488494 -0.0104708 0)
(0.000489641 -0.0106014 0)
(0.000490748 -0.0107322 0)
(0.000491815 -0.0108634 0)
(0.000492843 -0.0109948 0)
(0.000493831 -0.0111265 0)
(0.00049478 -0.0112585 0)
(0.000495689 -0.0113907 0)
(0.000496558 -0.0115232 0)
(0.000497388 -0.0116558 0)
(0.000498179 -0.0117887 0)
(0.00049893 -0.0119218 0)
(0.000499641 -0.0120551 0)
(0.000500313 -0.0121886 0)
(0.000500945 -0.0123222 0)
(0.000501538 -0.012456 0)
(0.000502091 -0.01259 0)
(0.000502604 -0.0127241 0)
(0.000503078 -0.0128584 0)
(0.000503513 -0.0129927 0)
(0.000503908 -0.0131272 0)
(0.000504263 -0.0132618 0)
(0.000504579 -0.0133964 0)
(0.000504856 -0.0135312 0)
(0.000505092 -0.013666 0)
(0.000505294 -0.0138008 0)
(0.000505457 -0.0139357 0)
(0.000505582 -0.0140707 0)
(0.000505674 -0.0142057 0)
(0.000505745 -0.0143407 0)
)
;

boundaryField
{
    top
    {
        type            calculated;
        value           nonuniform List<vector> 
160
(
(4.51536e-06 -3.48656e-06 2.01099e-20)
(1.01466e-05 -6.01106e-06 -3.978e-20)
(1.67107e-05 -9.75043e-06 2.30817e-20)
(2.31676e-05 -1.49114e-05 -6.48446e-20)
(2.97181e-05 -2.16713e-05 8.13738e-22)
(3.62252e-05 -3.00483e-05 6.2451e-20)
(4.27167e-05 -4.00526e-05 1.39538e-20)
(4.91659e-05 -5.16747e-05 -5.26927e-20)
(5.55777e-05 -6.49061e-05 1.55816e-20)
(6.19471e-05 -7.97357e-05 5.33121e-20)
(6.82751e-05 -9.6153e-05 -1.71498e-20)
(7.45606e-05 -0.000114147 -8.01981e-20)
(8.0804e-05 -0.000133707 -7.24801e-20)
(8.7005e-05 -0.000154824 -1.62747e-20)
(9.31635e-05 -0.000177485 5.1108e-20)
(9.92794e-05 -0.00020168 7.27444e-21)
(0.000105353 -0.000227399 -6.65865e-20)
(0.000111383 -0.00025463 -1.04343e-19)
(0.00011737 -0.000283363 1.70189e-20)
(0.000123315 -0.000313586 -4.1607e-20)
(0.000129219 -0.000345291 -5.15115e-20)
(0.00013508 -0.000378465 -3.58898e-20)
(0.0001409 -0.000413099 -1.03973e-19)
(0.000146677 -0.000449183 6.65701e-20)
(0.000152412 -0.000486706 -4.01292e-20)
(0.000158105 -0.000525658 -1.03011e-19)
(0.000163756 -0.000566027 -7.03155e-20)
(0.000169365 -0.000607804 -1.96202e-20)
(0.000174931 -0.000650978 1.2178e-19)
(0.000180456 -0.000695538 -3.86476e-20)
(0.000185938 -0.000741474 -1.27493e-19)
(0.000191377 -0.000788775 -1.42706e-20)
(0.000196775 -0.000837431 -3.77585e-20)
(0.000202131 -0.000887431 8.90982e-20)
(0.000207444 -0.000938764 -3.25198e-20)
(0.000212715 -0.000991421 -1.22996e-19)
(0.000217944 -0.00104539 -2.28574e-20)
(0.00022313 -0.00110066 -2.72057e-20)
(0.000228274 -0.00115722 1.13534e-19)
(0.000233375 -0.00121507 -1.00604e-19)
(0.000238434 -0.00127418 -3.53769e-19)
(0.000243449 -0.00133455 -8.76804e-21)
(0.000248421 -0.00139617 1.85559e-19)
(0.000253355 -0.00145902 4.89072e-20)
(0.000258248 -0.00152311 -9.32053e-20)
(0.000263094 -0.00158842 -2.28012e-19)
(0.000267897 -0.00165493 2.1514e-19)
(0.000272659 -0.00172264 1.05887e-19)
(0.000277379 -0.00179153 -1.65006e-20)
(0.000282057 -0.0018616 -3.27077e-20)
(0.000286694 -0.00193284 -4.1485e-19)
(0.000291288 -0.00200522 7.29747e-20)
(0.00029584 -0.00207875 -2.3866e-20)
(0.00030035 -0.00215341 -8.35194e-20)
(0.000304818 -0.0022292 1.3829e-19)
(0.000309244 -0.00230609 -1.79709e-19)
(0.000313628 -0.00238409 -1.82068e-19)
(0.000317969 -0.00246318 -1.76819e-19)
(0.000322268 -0.00254335 1.86717e-19)
(0.000326525 -0.00262459 4.35329e-19)
(0.00033074 -0.00270688 -1.94953e-19)
(0.000334913 -0.00279023 -1.00401e-19)
(0.000339043 -0.00287461 -7.21482e-21)
(0.000343131 -0.00296002 -7.14076e-21)
(0.000347177 -0.00304645 1.75366e-19)
(0.000351181 -0.00313388 -2.02248e-19)
(0.000355143 -0.00322231 -2.04373e-19)
(0.000359062 -0.00331172 -1.02667e-20)
(0.00036294 -0.00340211 -2.08553e-19)
(0.000366775 -0.00349346 3.12564e-19)
(0.000370568 -0.00358577 4.08723e-19)
(0.000374319 -0.00367902 -1.10598e-19)
(0.000378027 -0.0037732 -2.16632e-19)
(0.000381694 -0.0038683 -2.18593e-19)
(0.000385318 -0.00396432 5.35511e-19)
(0.0003889 -0.00406123 3.08658e-19)
(0.00039244 -0.00415904 -5.54659e-19)
(0.000395938 -0.00425772 -1.10049e-19)
(0.000399394 -0.00435728 -1.50827e-20)
(0.00040281 -0.00445769 -8.93745e-21)
(0.000406181 -0.00455896 2.1108e-19)
(0.00040951 -0.00466105 -2.33434e-19)
(0.0004128 -0.00476397 -2.23712e-19)
(0.000416048 -0.00486771 2.31256e-19)
(0.000419253 -0.00497226 2.27445e-19)
(0.000422416 -0.0050776 -4.83372e-19)
(0.000425536 -0.00518373 -2.31082e-19)
(0.000428614 -0.00529064 2.43599e-19)
(0.000431649 -0.00539831 2.39917e-19)
(0.000434643 -0.00550673 2.36361e-19)
(0.000437594 -0.00561589 -4.91578e-19)
(0.000440502 -0.00572579 -2.39762e-19)
(0.000443368 -0.00583641 2.51417e-19)
(0.000446193 -0.00594774 2.4799e-19)
(0.000448973 -0.00605977 -4.84679e-21)
(0.000451714 -0.00617249 -5.02105e-19)
(0.000454416 -0.00628589 4.70138e-21)
(0.000457073 -0.00639997 6.39728e-19)
(0.000459685 -0.0065147 2.48642e-19)
(0.000462259 -0.00663008 -1.32936e-19)
(0.000464792 -0.00674609 -5.27648e-19)
(0.00046728 -0.00686274 -2.59695e-19)
(0.000469728 -0.00698 2.65313e-19)
(0.000472132 -0.00709786 2.58204e-19)
(0.000474494 -0.00721633 2.5959e-19)
(0.000476814 -0.00733538 -5.40065e-19)
(0.000479092 -0.007455 7.56565e-32)
(0.000481327 -0.00757519 2.67493e-19)
(0.00048352 -0.00769593 -2.6871e-19)
(0.000485671 -0.00781721 0)
(0.00048778 -0.00793903 -5.49826e-21)
(0.000489847 -0.00806136 2.72222e-19)
(0.000491871 -0.00818421 2.69829e-19)
(0.000493854 -0.00830756 -5.55779e-19)
(0.000495794 -0.00843141 -2.72154e-19)
(0.000497692 -0.00855573 2.71634e-19)
(0.000499547 -0.00868052 2.77607e-19)
(0.000501361 -0.00880576 3.14695e-21)
(0.000503132 -0.00893146 -2.79597e-19)
(0.000504861 -0.00905759 0)
(0.000506548 -0.00918415 2.77106e-19)
(0.000508193 -0.00931113 2.76705e-19)
(0.000509795 -0.00943852 -2.77655e-21)
(0.000511356 -0.00956629 -2.89567e-19)
(0.000512874 -0.00969446 -2.85005e-19)
(0.00051435 -0.009823 0)
(0.000515784 -0.0099519 2.8662e-19)
(0.000517175 -0.0100812 2.84986e-19)
(0.000518525 -0.0102107 -2.90473e-19)
(0.000519832 -0.0103407 3.59617e-32)
(0.000521097 -0.0104709 -2.95029e-19)
(0.00052232 -0.0106015 -5.78386e-19)
(0.0005235 -0.0107324 5.87914e-19)
(0.000524639 -0.0108635 -3.92352e-21)
(0.000525735 -0.0109949 -2.90256e-19)
(0.000526789 -0.0111266 2.92729e-19)
(0.000527801 -0.0112586 2.9503e-19)
(0.000528771 -0.0113908 -1.66548e-21)
(0.000529698 -0.0115232 -5.87096e-19)
(0.000530584 -0.0116559 2.94835e-19)
(0.000531427 -0.0117888 5.8772e-19)
(0.000532228 -0.0119219 -3.42305e-21)
(0.000532987 -0.0120552 -1.29513e-21)
(0.000533703 -0.0121886 -5.95576e-19)
(0.000534378 -0.0123223 1.14704e-21)
(0.00053501 -0.0124561 5.91902e-19)
(0.0005356 -0.0125901 -5.95239e-19)
(0.000536148 -0.0127242 2.77446e-21)
(0.000536653 -0.0128584 5.96409e-19)
(0.000537117 -0.0129928 -2.99238e-19)
(0.000537538 -0.0131272 7.02678e-22)
(0.000537917 -0.0132618 -2.98906e-19)
(0.000538254 -0.0133964 1.66489e-21)
(0.000538549 -0.0135312 -4.80352e-22)
(0.000538801 -0.013666 -2.98988e-19)
(0.000539018 -0.0138008 3.59505e-19)
(0.00053919 -0.0139358 2.99612e-19)
(0.000539325 -0.0140707 -2.99498e-19)
(0.00053943 -0.0142057 1.48768e-22)
(0.000539535 -0.0143407 -3.00367e-19)
)
;
    }
    left
    {
        type            calculated;
        value           uniform (0 0 0);
    }
    right
    {
        type            calculated;
        value           nonuniform List<vector> 
16
(
(-0.000505708 -0.0144084 5.99512e-19)
(-0.000438188 -0.0144083 1.79885e-18)
(-0.000370716 -0.0144082 -4.19397e-18)
(-0.000303275 -0.0144082 -1.21053e-22)
(-0.000235855 -0.0144082 1.79617e-18)
(-0.000168451 -0.0144081 1.1973e-18)
(-0.000101058 -0.0144081 -2.99254e-18)
(-3.36715e-05 -0.0144081 -2.39396e-18)
(3.37132e-05 -0.0144081 2.99241e-18)
(0.0001011 -0.0144081 1.82484e-35)
(0.000168493 -0.0144081 -1.19715e-18)
(0.000235897 -0.0144082 6.72056e-23)
(0.000303317 -0.0144082 1.61936e-22)
(0.000370758 -0.0144082 2.34078e-22)
(0.000438231 -0.0144083 6.64304e-33)
(0.000505751 -0.0144084 2.40009e-18)
)
;
    }
    bottom
    {
        type            calculated;
        value           nonuniform List<vector> 
160
(
(-4.51524e-06 -3.48645e-06 -3.9797e-21)
(-1.01464e-05 -6.0109e-06 -1.13655e-20)
(-1.67103e-05 -9.75023e-06 -8.20753e-21)
(-2.31671e-05 -1.49112e-05 5.51469e-20)
(-2.97175e-05 -2.16711e-05 -6.14454e-21)
(-3.62245e-05 -3.0048e-05 -5.22434e-20)
(-4.27158e-05 -4.00524e-05 1.13604e-20)
(-4.91648e-05 -5.16744e-05 -1.12897e-20)
(-5.55765e-05 -6.49058e-05 1.12196e-20)
(-6.19457e-05 -7.97352e-05 -1.1146e-20)
(-6.82735e-05 -9.61523e-05 -8.44602e-20)
(-7.45592e-05 -0.000114146 1.64978e-20)
(-8.08025e-05 -0.000133706 1.23846e-19)
(-8.70044e-05 -0.000154822 3.77606e-20)
(-9.31627e-05 -0.000177483 -4.66408e-20)
(-9.92822e-05 -0.000201677 5.54275e-20)
(-0.000105353 -0.000227399 9.63438e-20)
(-0.000111383 -0.000254625 -1.34795e-19)
(-0.000117374 -0.00028334 -1.04743e-20)
(-0.0001233 -0.000313576 6.3602e-20)
(-0.000129204 -0.000345293 -2.16149e-19)
(-0.000135056 -0.000378465 -2.43022e-19)
(-0.000140877 -0.0004131 1.14151e-19)
(-0.000146653 -0.000449183 2.19479e-19)
(-0.000152388 -0.000486706 8.49129e-20)
(-0.000158081 -0.000525658 -8.80731e-20)
(-0.000163732 -0.000566027 -2.94525e-19)
(-0.00016934 -0.000607804 1.28658e-19)
(-0.000174907 -0.000650978 1.55856e-19)
(-0.000180431 -0.000695538 1.93233e-20)
(-0.000185913 -0.000741474 1.17905e-19)
(-0.000191352 -0.000788775 -9.70293e-20)
(-0.00019675 -0.000837431 9.43941e-21)
(-0.000202105 -0.000887431 1.4048e-20)
(-0.000207418 -0.000938764 1.34044e-19)
(-0.000212689 -0.00099142 2.506e-19)
(-0.000217918 -0.00104539 -3.03224e-19)
(-0.000223105 -0.00110066 -1.19634e-19)
(-0.000228249 -0.00115722 7.70056e-20)
(-0.000233352 -0.00121507 -3.15723e-19)
(-0.000238412 -0.00127418 -3.53692e-20)
(-0.00024343 -0.00133455 1.31588e-20)
(-0.000248405 -0.00139618 2.37759e-19)
(-0.000253336 -0.00145904 2.20041e-19)
(-0.000258225 -0.00152312 -3.59144e-19)
(-0.000263075 -0.00158842 3.39041e-20)
(-0.000267881 -0.00165493 2.1004e-20)
(-0.000272645 -0.00172264 1.80811e-19)
(-0.000277367 -0.00179153 2.3143e-19)
(-0.000282046 -0.0018616 -3.92211e-19)
(-0.000286683 -0.00193283 2.83632e-20)
(-0.000291278 -0.00200522 8.02951e-21)
(-0.00029583 -0.00207875 1.92379e-19)
(-0.00030034 -0.00215341 2.62381e-19)
(-0.000304808 -0.0022292 -4.23798e-19)
(-0.000309233 -0.00230609 1.99042e-19)
(-0.000313617 -0.00238409 -1.16526e-32)
(-0.000317958 -0.00246318 2.65472e-20)
(-0.000322257 -0.00254335 -1.99316e-32)
(-0.000326514 -0.00262459 1.11552e-20)
(-0.000330729 -0.00270688 2.75863e-19)
(-0.000334901 -0.00279023 -1.86225e-19)
(-0.000339032 -0.00287461 3.77035e-19)
(-0.00034312 -0.00296002 -7.14056e-21)
(-0.000347166 -0.00304645 -3.86066e-19)
(-0.00035117 -0.00313388 2.02248e-19)
(-0.000355131 -0.00322231 -2.89264e-19)
(-0.000359051 -0.00331172 2.27008e-19)
(-0.000362928 -0.00340211 3.02674e-19)
(-0.000366763 -0.00349346 -4.07823e-19)
(-0.000370556 -0.00358577 6.62215e-21)
(-0.000374307 -0.00367902 -9.09554e-20)
(-0.000378014 -0.0037732 4.30026e-19)
(-0.000381681 -0.0038683 -6.39573e-21)
(-0.000385299 -0.00396432 -7.46533e-19)
(-0.000388881 -0.00406123 5.62261e-19)
(-0.000392409 -0.00415903 -6.17544e-21)
(-0.000395907 -0.00425772 -2.04838e-19)
(-0.000399362 -0.00435727 3.3302e-19)
(-0.000402774 -0.00445768 -2.29864e-19)
(-0.00040615 -0.00455894 -1.12892e-19)
(-0.00040948 -0.00466104 -4.46554e-19)
(-0.000412768 -0.00476397 1.72066e-20)
(-0.000416014 -0.00486771 4.71011e-19)
(-0.000419217 -0.00497226 1.16519e-19)
(-0.000422379 -0.0050776 -1.17396e-19)
(-0.000425498 -0.00518373 -4.64887e-19)
(-0.000428576 -0.00529064 1.60982e-20)
(-0.000431611 -0.00539831 4.87771e-19)
(-0.000434604 -0.00550673 3.62367e-19)
(-0.000437555 -0.00561589 -1.26753e-19)
(-0.000440464 -0.00572579 -7.26888e-19)
(-0.000443331 -0.00583641 1.38202e-19)
(-0.000446156 -0.00594774 3.7691e-19)
(-0.000448939 -0.00605977 -1.22344e-19)
(-0.00045168 -0.00617249 7.16253e-21)
(-0.000454379 -0.0062859 1.33329e-19)
(-0.000457035 -0.00639997 4.62754e-21)
(-0.00045965 -0.0065147 6.83053e-21)
(-0.000462222 -0.00663008 1.28455e-19)
(-0.000464753 -0.00674609 -3.13047e-36)
(-0.000467241 -0.00686274 -1.25516e-19)
(-0.000469687 -0.00698 -1.19882e-19)
(-0.000472092 -0.00709786 6.2757e-21)
(-0.000474453 -0.00721633 1.33905e-19)
(-0.000476773 -0.00733538 1.32494e-19)
(-0.000479051 -0.007455 -3.95416e-19)
(-0.000481286 -0.00757519 9.71905e-21)
(-0.000483479 -0.00769593 2.72524e-19)
(-0.00048563 -0.00781721 -3.99247e-19)
(-0.000487739 -0.00793903 5.4981e-21)
(-0.000489806 -0.00806136 -4.02946e-19)
(-0.00049183 -0.00818421 1.54259e-19)
(-0.000493812 -0.00830756 6.89559e-19)
(-0.000495752 -0.00843141 5.05363e-21)
(-0.00049765 -0.00855573 3.295e-21)
(-0.000499506 -0.00868052 -5.50382e-19)
(-0.000501319 -0.00880576 4.27361e-19)
(-0.000503091 -0.00893146 5.62267e-19)
(-0.00050482 -0.00905759 -2.80557e-19)
(-0.000506507 -0.00918415 2.92461e-21)
(-0.000508151 -0.00931113 2.82406e-19)
(-0.000509754 -0.00943852 -1.00647e-32)
(-0.000511314 -0.00956629 -2.81459e-19)
(-0.000512832 -0.00969446 -4.27507e-19)
(-0.000514308 -0.00982299 -1.39081e-19)
(-0.000515742 -0.0099519 7.2027e-19)
(-0.000517133 -0.0100812 -2.87392e-19)
(-0.000518483 -0.0102107 -2.79979e-19)
(-0.00051979 -0.0103407 4.35558e-19)
(-0.000521055 -0.0104709 2.89569e-19)
(-0.000522278 -0.0106015 -4.35372e-19)
(-0.000523458 -0.0107324 -2.85814e-19)
(-0.000524597 -0.0108635 2.93497e-19)
(-0.000525693 -0.0109949 2.912e-19)
(-0.000526747 -0.0111266 1.44551e-19)
(-0.000527759 -0.0112586 -1.17316e-18)
(-0.000528729 -0.0113908 -1.38587e-19)
(-0.000529656 -0.0115232 7.38247e-19)
(-0.000530541 -0.0116559 1.49694e-19)
(-0.000531384 -0.0117888 1.49095e-19)
(-0.000532185 -0.0119219 1.36917e-21)
(-0.000532944 -0.0120552 2.5902e-21)
(-0.000533661 -0.0121886 -1.47062e-19)
(-0.000534335 -0.0123223 -4.44838e-19)
(-0.000534967 -0.0124561 3.75524e-21)
(-0.000535557 -0.0125901 3.00117e-19)
(-0.000536105 -0.0127242 1.50349e-19)
(-0.000536611 -0.0128584 1.49953e-19)
(-0.000537074 -0.0129928 -5.08967e-31)
(-0.000537496 -0.0131272 -4.48044e-19)
(-0.000537875 -0.0132618 3.01108e-19)
(-0.000538212 -0.0133964 8.32716e-22)
(-0.000538507 -0.0135312 -2.98535e-19)
(-0.000538761 -0.013666 4.49502e-19)
(-0.000538973 -0.0138008 4.25632e-32)
(-0.000539145 -0.0139358 -8.98836e-19)
(-0.000539282 -0.0140707 1.00758e-21)
(-0.000539386 -0.0142057 7.49534e-19)
(-0.000539492 -0.0143407 7.50232e-19)
)
;
    }
    front
    {
        type            empty;
    }
    back
    {
        type            empty;
    }
}


// ************************************************************************* //
